#"Step","Potential Energy (kJ/mole)","Temperature (K)","Density (g/mL)"
1000,-81.561045464,182.152579698,0.0307616681685
2000,-58.264790592,308.313597263,0.0307616681685
3000,-57.1268169325,292.388615962,0.0307616681685
4000,-76.2215821324,241.912247356,0.0307616681685
5000,-70.4308783832,239.904861522,0.0307616681685
6000,-66.7549091044,226.961203159,0.0307616681685
7000,-47.5749156216,236.304827767,0.0307616681685
8000,-67.1985422516,258.84238159,0.0307616681685
9000,-50.9970627588,213.826267637,0.0307616681685
10000,-50.3925654654,266.37247881,0.0307616681685
11000,-54.1594458362,407.83577404,0.0307616681685
12000,-68.1186090609,404.781210464,0.0307616681685
13000,-70.452267399,286.977022873,0.0307616681685
14000,-42.9818221598,385.191330254,0.0307616681685
15000,-38.3465157202,373.812841156,0.0307616681685
16000,-40.9250310168,358.717694247,0.0307616681685
17000,-41.6662656551,298.911242622,0.0307616681685
18000,-53.1900735202,260.763841368,0.0307616681685
19000,-72.1125135603,379.44668805,0.0307616681685
20000,-48.8107315588,266.031228876,0.0307616681685
21000,-58.6827584178,289.776255806,0.0307616681685
22000,-72.6073446006,323.39247644,0.0307616681685
23000,-62.8222193309,371.497754906,0.0307616681685
24000,-66.0869801317,285.380648591,0.0307616681685
25000,-56.4028061486,321.564239932,0.0307616681685
26000,-55.0957900764,378.684813689,0.0307616681685
27000,-63.9721650158,297.947740433,0.0307616681685
28000,-58.6378335132,261.380874034,0.0307616681685
29000,-46.6619974281,268.174086439,0.0307616681685
30000,-43.6311772618,305.942950298,0.0307616681685
31000,-73.9049257244,370.84411462,0.0307616681685
32000,-66.403624836,305.962917017,0.0307616681685
33000,-61.2395917697,300.57009992,0.0307616681685
34000,-69.4195216916,330.988689995,0.0307616681685
35000,-56.8419524409,362.079159295,0.0307616681685
36000,-42.3509369787,379.330303273,0.0307616681685
37000,-41.9012286032,301.302552408,0.0307616681685
38000,-67.7669184491,346.055171305,0.0307616681685
39000,-65.5201239665,283.570623211,0.0307616681685
40000,-57.5889073688,257.799416356,0.0307616681685
41000,-48.4093487087,296.246559523,0.0307616681685
42000,-43.0373333581,251.333386388,0.0307616681685
43000,-65.4374060003,245.987355128,0.0307616681685
44000,-50.0911681556,219.738777711,0.0307616681685
45000,-58.4741237657,254.315067412,0.0307616681685
46000,-68.3383739466,254.659047737,0.0307616681685
47000,-59.6151319755,221.128599149,0.0307616681685
48000,-76.0103013306,277.506173712,0.0307616681685
49000,-71.0269584149,255.211709661,0.0307616681685
50000,-81.9061824166,265.306172654,0.0307616681685
51000,-79.066979932,248.208632396,0.0307616681685
52000,-66.3833329767,232.449523964,0.0307616681685
53000,-82.7349710687,294.56247246,0.0307616681685
54000,-60.8311140164,291.624997972,0.0307616681685
55000,-44.6652026239,279.55042854,0.0307616681685
56000,-50.7380880294,324.855641644,0.0307616681685
57000,-47.914198495,301.964016362,0.0307616681685
58000,-28.0991585275,287.134630984,0.0307616681685
59000,-63.1889889204,361.349269595,0.0307616681685
60000,-77.4975206029,340.018609488,0.0307616681685
61000,-69.2354673555,254.426745075,0.0307616681685
62000,-54.2932689703,331.067952057,0.0307616681685
63000,-43.0561578932,338.023546503,0.0307616681685
64000,-49.6758882823,179.710275088,0.0307616681685
65000,-48.5488112244,340.408944457,0.0307616681685
66000,-66.3526864541,346.155226645,0.0307616681685
67000,-40.8726448718,277.501943039,0.0307616681685
68000,-66.1111285644,248.730919121,0.0307616681685
69000,-78.1546988649,306.558322912,0.0307616681685
70000,-63.5608725369,259.596787913,0.0307616681685
71000,-54.1573007374,309.573873223,0.0307616681685
72000,-64.6903280952,242.064520839,0.0307616681685
73000,-46.2967407145,261.93686341,0.0307616681685
74000,-53.8412422427,272.59289325,0.0307616681685
75000,-53.6815151343,226.619759064,0.0307616681685
76000,-73.7767871408,292.466538508,0.0307616681685
77000,-46.6427869691,324.484694065,0.0307616681685
78000,-75.6741596353,263.124355173,0.0307616681685
79000,-39.8465751755,423.161861865,0.0307616681685
80000,-47.535884098,393.953942837,0.0307616681685
81000,-48.5002033593,350.547208335,0.0307616681685
82000,-48.7856291962,305.000122978,0.0307616681685
83000,-56.331453747,308.704668662,0.0307616681685
84000,-60.9309851409,251.87508348,0.0307616681685
85000,-81.6545964358,256.33853334,0.0307616681685
86000,-67.3693943097,312.336717627,0.0307616681685
87000,-59.8781713599,317.621162319,0.0307616681685
88000,-64.2547755049,387.44933939,0.0307616681685
89000,-56.6114383171,348.515245217,0.0307616681685
90000,-76.894763749,320.062656733,0.0307616681685
91000,-58.62905149,297.768225053,0.0307616681685
92000,-53.5635576551,345.53771148,0.0307616681685
93000,-49.6360526437,372.677015736,0.0307616681685
94000,-72.0514479285,346.125084076,0.0307616681685
95000,-70.8323159153,392.453312543,0.0307616681685
96000,-59.157782863,260.150644767,0.0307616681685
97000,-17.9246610782,187.323139134,0.0307616681685
98000,-69.8491401192,281.271769074,0.0307616681685
99000,-60.2687037606,315.324186339,0.0307616681685
100000,-69.6264078452,337.209465536,0.0307616681685
101000,-53.5452615603,390.693600077,0.0307616681685
102000,-32.56427887,404.056146059,0.0307616681685
103000,-68.0000355148,254.982938258,0.0307616681685
104000,-37.9275320987,299.194509927,0.0307616681685
105000,-49.251315318,320.325009934,0.0307616681685
106000,-51.7999420206,339.087810312,0.0307616681685
107000,-85.2923027276,370.791152115,0.0307616681685
108000,-42.5458945021,259.101420899,0.0307616681685
109000,-67.8896650306,252.943351254,0.0307616681685
110000,-57.9936922039,320.13469671,0.0307616681685
111000,-37.7974802411,300.846829456,0.0307616681685
112000,-18.5696773608,279.352416634,0.0307616681685
113000,-52.341623634,215.379803731,0.0307616681685
114000,-58.0116057156,266.893909112,0.0307616681685
115000,-51.8363862801,306.9205338,0.0307616681685
116000,-85.5628209494,326.912363183,0.0307616681685
117000,-69.4349885991,286.313181495,0.0307616681685
118000,-79.7922991128,313.339113258,0.0307616681685
119000,-58.7446918418,289.860305976,0.0307616681685
120000,-21.4275352724,256.603352806,0.0307616681685
121000,-36.4914186757,349.949832903,0.0307616681685
122000,-61.9848850109,276.406888606,0.0307616681685
123000,-33.1804837519,268.699086684,0.0307616681685
124000,-48.8330597236,265.481034908,0.0307616681685
125000,-43.8305846996,249.22638609,0.0307616681685
126000,-54.3239026448,351.8087352,0.0307616681685
127000,-58.9229625457,440.553223887,0.0307616681685
128000,-48.5352871983,289.608987788,0.0307616681685
129000,-37.5762432881,272.805396862,0.0307616681685
130000,-79.6338844789,348.863956844,0.0307616681685
131000,-51.2060395689,286.779332445,0.0307616681685
132000,-54.3082524109,361.797913375,0.0307616681685
133000,-48.5009765533,350.344935418,0.0307616681685
134000,-61.2732711804,315.974503486,0.0307616681685
135000,-75.9577124466,262.494915732,0.0307616681685
136000,-63.6560736291,237.176361279,0.0307616681685
137000,-92.3947390902,343.273437962,0.0307616681685
138000,-42.7655724321,282.269787431,0.0307616681685
139000,-84.0564907505,275.035629294,0.0307616681685
140000,-73.8327181404,239.674454653,0.0307616681685
141000,-38.8055982425,300.831346805,0.0307616681685
142000,-75.9725482895,450.111625822,0.0307616681685
143000,-67.2136343274,258.744635534,0.0307616681685
144000,-49.3933104284,322.910019193,0.0307616681685
145000,-53.9852304265,292.483334514,0.0307616681685
146000,-57.5221040346,332.156061933,0.0307616681685
147000,-45.9847946533,247.694161375,0.0307616681685
148000,-56.6432206383,296.147486369,0.0307616681685
149000,-40.0553519551,285.22593448,0.0307616681685
150000,-71.7048240088,354.87570606,0.0307616681685
151000,-50.8082109712,352.588644435,0.0307616681685
152000,-52.2830851004,379.600515075,0.0307616681685
153000,-47.7623514484,400.252892213,0.0307616681685
154000,-74.6353764009,343.34807007,0.0307616681685
155000,-46.2782453684,321.924955067,0.0307616681685
156000,-67.3475940359,349.56614908,0.0307616681685
157000,-70.5486641104,299.998395619,0.0307616681685
158000,-50.6461009384,262.965059537,0.0307616681685
159000,-67.5926366799,341.892385012,0.0307616681685
160000,-84.5817546556,286.001854671,0.0307616681685
161000,-47.010886925,223.640832615,0.0307616681685
162000,-38.9127045033,237.96239525,0.0307616681685
163000,-47.8239235376,294.140726859,0.0307616681685
164000,-49.1827210945,318.953025143,0.0307616681685
165000,-59.3333470976,441.930679504,0.0307616681685
166000,-39.6504612275,378.526468676,0.0307616681685
167000,-72.9782763248,359.358465973,0.0307616681685
168000,-87.5992202018,330.861422631,0.0307616681685
169000,-40.3529946422,201.368987451,0.0307616681685
170000,-59.3846589974,296.155680249,0.0307616681685
171000,-17.2426781411,269.289093062,0.0307616681685
172000,-43.5396431292,292.346112778,0.0307616681685
173000,-53.3210318005,305.270787284,0.0307616681685
174000,-66.9206905533,348.493729928,0.0307616681685
175000,-75.0635851504,329.940484579,0.0307616681685
176000,-43.8850165933,282.493549539,0.0307616681685
177000,-61.973894664,318.196741295,0.0307616681685
178000,-65.6993524391,350.863931316,0.0307616681685
179000,-63.9234989773,372.280649648,0.0307616681685
180000,-32.4316659582,376.158156767,0.0307616681685
181000,-40.76946952,343.533847383,0.0307616681685
182000,-48.7359477013,304.104731503,0.0307616681685
183000,-57.7469787556,328.531607254,0.0307616681685
184000,-54.7487599706,398.794011203,0.0307616681685
185000,-42.4631947865,230.794999534,0.0307616681685
186000,-57.5805563062,251.535417687,0.0307616681685
187000,-44.0051953143,256.694249124,0.0307616681685
188000,-67.7071469822,365.155271338,0.0307616681685
189000,-67.0099454048,219.101747859,0.0307616681685
190000,-90.5988642773,345.12335879,0.0307616681685
191000,-80.1840070365,353.769278982,0.0307616681685
192000,-75.3437757752,279.129278554,0.0307616681685
193000,-63.5537460283,275.593491036,0.0307616681685
194000,-76.4198884822,283.093797503,0.0307616681685
195000,-62.2721610135,240.597083888,0.0307616681685
196000,-86.2176592446,332.054992134,0.0307616681685
197000,-62.0143845474,307.887542995,0.0307616681685
198000,-50.3784535249,259.20060672,0.0307616681685
199000,-71.2796286704,274.90555222,0.0307616681685
200000,-37.9440350943,249.052226102,0.0307616681685
201000,-61.2744699704,228.332060812,0.0307616681685
202000,-42.4727963436,267.593429503,0.0307616681685
203000,-65.2245690561,308.260637003,0.0307616681685
204000,-70.6244506913,307.599529923,0.0307616681685
205000,-71.5127683258,366.741663703,0.0307616681685
206000,-56.063873738,355.350036962,0.0307616681685
207000,-41.9547002555,308.126961855,0.0307616681685
208000,-32.7444125635,206.53306262,0.0307616681685
209000,-55.1459894315,278.9849368,0.0307616681685
210000,-76.0175524905,360.440319414,0.0307616681685
211000,-38.8837330082,257.341926707,0.0307616681685
212000,-55.279078708,368.960885132,0.0307616681685
213000,-73.6914440537,390.900737128,0.0307616681685
214000,-70.7093245482,328.853852207,0.0307616681685
215000,-23.3465267931,296.469818349,0.0307616681685
216000,-47.2379891531,373.857890208,0.0307616681685
217000,-61.457604337,320.705588524,0.0307616681685
218000,-57.754678928,249.553755383,0.0307616681685
219000,-89.3694828326,348.406484406,0.0307616681685
220000,-84.9430754687,239.353427475,0.0307616681685
221000,-83.5818235581,274.03328623,0.0307616681685
222000,-62.0136627366,278.797585724,0.0307616681685
223000,-46.1515604635,300.445635602,0.0307616681685
224000,-39.7020998185,321.012628889,0.0307616681685
225000,-40.8479733223,380.993867586,0.0307616681685
226000,-42.1294020554,399.134787212,0.0307616681685
227000,-56.1864526961,392.963609955,0.0307616681685
228000,-28.6737428237,365.085080059,0.0307616681685
229000,-50.3357649437,367.238046396,0.0307616681685
230000,-45.2391244588,285.310892042,0.0307616681685
231000,-39.2602564701,283.607283361,0.0307616681685
232000,-36.8779572984,308.89116278,0.0307616681685
233000,-66.1157247047,316.42613951,0.0307616681685
234000,-57.9436581479,261.709106032,0.0307616681685
235000,-56.3768672981,336.338919266,0.0307616681685
236000,-48.7270126617,229.176142399,0.0307616681685
237000,-41.7154984454,273.104589064,0.0307616681685
238000,-65.0024372927,313.917249395,0.0307616681685
239000,-72.7429441603,312.588734778,0.0307616681685
240000,-67.4201689724,291.623225463,0.0307616681685
241000,-58.2190289347,356.439482546,0.0307616681685
242000,-72.0847235915,281.047755684,0.0307616681685
243000,-50.9849908797,317.205382088,0.0307616681685
244000,-17.3344616703,254.585294917,0.0307616681685
245000,-55.967744812,308.379506964,0.0307616681685
246000,-58.0521342386,291.062672987,0.0307616681685
247000,-42.3342065282,290.67159062,0.0307616681685
248000,-74.2801011596,317.874224058,0.0307616681685
249000,-68.322754061,350.276190762,0.0307616681685
250000,-48.2514615767,302.717063418,0.0307616681685
251000,-44.0708987256,388.88183809,0.0307616681685
252000,-21.3834512483,320.016700233,0.0307616681685
253000,-48.603495327,319.915910644,0.0307616681685
254000,-47.1308920547,256.785757043,0.0307616681685
255000,-78.7761100008,298.719587102,0.0307616681685
256000,-67.1513950385,183.44773835,0.0307616681685
257000,-70.0350974063,324.24827332,0.0307616681685
258000,-44.1019612444,261.132426429,0.0307616681685
259000,-44.3429286281,335.04634806,0.0307616681685
260000,-54.4554496484,289.124749386,0.0307616681685
261000,-48.2211331543,298.425712507,0.0307616681685
262000,-55.277613108,340.008818192,0.0307616681685
263000,-69.3281080988,287.303025598,0.0307616681685
264000,-29.3026736502,184.814436602,0.0307616681685
265000,-49.1494323753,330.787691269,0.0307616681685
266000,-71.1112191587,254.066682031,0.0307616681685
267000,-56.6034858074,251.656878029,0.0307616681685
268000,-64.1600570653,246.553510757,0.0307616681685
269000,-51.3117647868,331.876829128,0.0307616681685
270000,-47.9741095678,343.777695006,0.0307616681685
271000,-48.9605931523,425.452368702,0.0307616681685
272000,-51.0669804858,385.258803296,0.0307616681685
273000,-56.7766313055,415.824291241,0.0307616681685
274000,-43.4862325431,345.013091601,0.0307616681685
275000,-62.1799692964,388.151261932,0.0307616681685
276000,-48.7886019959,373.614143495,0.0307616681685
277000,-36.7219482946,437.322647202,0.0307616681685
278000,-20.1273855714,321.590265939,0.0307616681685
279000,-57.4719989761,345.051447237,0.0307616681685
280000,-37.9629762136,307.260917058,0.0307616681685
281000,-79.4289866125,408.695350744,0.0307616681685
282000,-85.2346769208,314.378481574,0.0307616681685
283000,-61.9565517012,271.610088613,0.0307616681685
284000,-49.4095477203,366.922099109,0.0307616681685
285000,-68.5728746523,384.071536121,0.0307616681685
286000,-66.2641908189,350.333611944,0.0307616681685
287000,-29.1187205726,274.11158931,0.0307616681685
288000,-43.064394418,280.970757013,0.0307616681685
289000,-48.9561777304,320.829542776,0.0307616681685
290000,-61.4863695544,334.156671333,0.0307616681685
291000,-72.417604915,264.953120333,0.0307616681685
292000,-84.811411961,266.587223222,0.0307616681685
293000,-74.527856659,273.795492752,0.0307616681685
294000,-72.7810612631,311.491556962,0.0307616681685
295000,-52.0366061432,283.397891393,0.0307616681685
296000,-75.2603197791,347.584831757,0.0307616681685
297000,-59.900066244,379.882626677,0.0307616681685
298000,-12.3817893127,290.398804573,0.0307616681685
299000,-46.7868615585,338.268640547,0.0307616681685
300000,-36.3434245829,312.268934397,0.0307616681685
301000,-38.1361029882,359.685623642,0.0307616681685
302000,-20.1075107933,246.57684739,0.0307616681685
303000,-57.2939807239,341.672332977,0.0307616681685
304000,-68.0646409215,312.534249687,0.0307616681685
305000,-83.7800465418,291.627980935,0.0307616681685
306000,-62.6133567569,278.283303004,0.0307616681685
307000,-77.725696071,216.07422044,0.0307616681685
308000,-95.7121679314,306.29349617,0.0307616681685
309000,-50.6482706476,279.371874523,0.0307616681685
310000,-66.5938527848,293.029372269,0.0307616681685
311000,-57.2170378299,302.528795004,0.0307616681685
312000,-27.2541463502,384.148874725,0.0307616681685
313000,-43.7305249093,277.746940911,0.0307616681685
314000,-47.15341468,272.772620152,0.0307616681685
315000,-49.8748897361,308.881761064,0.0307616681685
316000,-78.3110793856,283.483519749,0.0307616681685
317000,-58.1458837952,280.475140884,0.0307616681685
318000,-64.846214568,317.073926344,0.0307616681685
319000,-72.3229123589,278.650561223,0.0307616681685
320000,-44.8113990485,293.534486921,0.0307616681685
321000,-38.9902977245,367.18910387,0.0307616681685
322000,-71.6891514578,368.874277392,0.0307616681685
323000,-56.3664411019,299.454917278,0.0307616681685
324000,-61.7395997632,286.875676009,0.0307616681685
325000,-70.9384582595,257.843333199,0.0307616681685
326000,-29.7928144906,242.07955283,0.0307616681685
327000,-63.2504117748,222.144271861,0.0307616681685
328000,-72.58570655,278.363767117,0.0307616681685
329000,-74.1653370585,301.608910562,0.0307616681685
330000,-69.4139876254,341.174300917,0.0307616681685
331000,-66.6559448134,285.883309185,0.0307616681685
332000,-81.2689669261,345.035850638,0.0307616681685
333000,-45.2814926545,304.024215148,0.0307616681685
334000,-65.5752990262,281.812368852,0.0307616681685
335000,-53.6050725958,284.910642178,0.0307616681685
336000,-52.0784152251,253.676179766,0.0307616681685
337000,-64.697533148,262.147581101,0.0307616681685
338000,-43.8909969653,284.700536653,0.0307616681685
339000,-78.4311011177,287.671176989,0.0307616681685
340000,-48.6142790179,200.453602108,0.0307616681685
341000,-57.6664652369,363.632661867,0.0307616681685
342000,-61.0689759471,336.756304458,0.0307616681685
343000,-54.8518327076,206.436059762,0.0307616681685
344000,-31.9332501447,272.748141403,0.0307616681685
345000,-61.1662439199,306.75269616,0.0307616681685
346000,-40.7022118289,292.774989046,0.0307616681685
347000,-34.6437925745,267.181536864,0.0307616681685
348000,-59.7317377808,275.467983998,0.0307616681685
349000,-82.7663076705,284.701741345,0.0307616681685
350000,-47.8876007422,286.7499236,0.0307616681685
351000,-50.5759298002,306.969945041,0.0307616681685
352000,-37.6291640239,305.190425814,0.0307616681685
353000,-49.1013129705,278.860991642,0.0307616681685
354000,-63.6846612637,236.907016258,0.0307616681685
355000,-74.2762294849,226.93099129,0.0307616681685
356000,-87.2494812746,230.008368897,0.0307616681685
357000,-64.2776044581,223.637524497,0.0307616681685
358000,-57.5919080745,225.855888145,0.0307616681685
359000,-54.3120806185,295.02738234,0.0307616681685
360000,-45.4940220433,279.498327606,0.0307616681685
361000,-53.1931084587,355.047552856,0.0307616681685
362000,-64.8387730466,329.449176629,0.0307616681685
363000,-83.0077707447,265.077984385,0.0307616681685
364000,-85.0948762733,241.960257642,0.0307616681685
365000,-70.2206159012,254.702338163,0.0307616681685
366000,-82.1465980003,279.816554345,0.0307616681685
367000,-84.3556695534,303.905208879,0.0307616681685
368000,-79.7369533493,284.203540554,0.0307616681685
369000,-75.0725148872,251.20523377,0.0307616681685
370000,-25.6094330386,269.20694712,0.0307616681685
371000,-46.0639243694,325.653694281,0.0307616681685
372000,-47.0007973732,368.680270469,0.0307616681685
373000,-37.6757776593,400.115139596,0.0307616681685
374000,-60.3460865186,308.525880144,0.0307616681685
375000,-53.3711186269,429.090652147,0.0307616681685
376000,-62.1832319565,277.806660171,0.0307616681685
377000,-49.808632056,278.283617813,0.0307616681685
378000,-83.1459230069,254.45791075,0.0307616681685
379000,-63.3734993696,269.126214837,0.0307616681685
380000,-53.2795835324,252.164148713,0.0307616681685
381000,-50.8667578949,302.545105609,0.0307616681685
382000,-60.3663816454,327.618818607,0.0307616681685
383000,-31.3850461708,283.287057589,0.0307616681685
384000,-62.9884586021,413.414232166,0.0307616681685
385000,-41.3871270525,290.422517682,0.0307616681685
386000,-47.907624851,282.054928093,0.0307616681685
387000,-21.3556910628,253.453194615,0.0307616681685
388000,-62.8151448484,373.134385848,0.0307616681685
389000,-56.631038664,291.080673047,0.0307616681685
390000,-68.9937782955,344.872014392,0.0307616681685
391000,-60.9853061552,309.654581373,0.0307616681685
392000,-69.6161631753,397.326675057,0.0307616681685
393000,-66.9022980222,331.108262315,0.0307616681685
394000,-59.1064228476,380.193428078,0.0307616681685
395000,-49.4235600926,239.863780877,0.0307616681685
396000,-66.4216374302,331.571312371,0.0307616681685
397000,-74.6265638853,346.389610749,0.0307616681685
398000,-56.9477702485,354.031821802,0.0307616681685
399000,-44.5856246394,357.646530201,0.0307616681685
400000,-53.1546940805,322.617166419,0.0307616681685
401000,-12.4565626991,405.150807281,0.0307616681685
402000,-46.067424782,405.954191211,0.0307616681685
403000,-64.1647633276,291.642437914,0.0307616681685
404000,-69.2318457474,307.104818894,0.0307616681685
405000,-68.5637069673,331.930031602,0.0307616681685
406000,-82.9232891953,232.824079354,0.0307616681685
407000,-70.5611205727,229.485536594,0.0307616681685
408000,-51.2866681722,252.895891314,0.0307616681685
409000,-67.2419115452,318.669532853,0.0307616681685
410000,-74.1538013721,321.47474406,0.0307616681685
411000,-59.3337614458,231.305489764,0.0307616681685
412000,-65.2250263574,297.690252806,0.0307616681685
413000,-71.7895904968,271.161667431,0.0307616681685
414000,-70.7932426405,311.025888176,0.0307616681685
415000,-68.8583172455,207.387635566,0.0307616681685
416000,-76.0098393428,236.785252489,0.0307616681685
417000,-64.3232107088,238.169317491,0.0307616681685
418000,-58.4186335228,260.061918268,0.0307616681685
419000,-45.2015645971,282.480275181,0.0307616681685
420000,-54.9503449535,290.885337277,0.0307616681685
421000,-50.6086792751,353.879435886,0.0307616681685
422000,-35.8054521933,298.707073794,0.0307616681685
423000,-70.6057860329,369.493819423,0.0307616681685
424000,-44.9632413122,301.711104348,0.0307616681685
425000,-47.589437666,277.158906079,0.0307616681685
426000,-36.649564446,343.995473206,0.0307616681685
427000,-22.1889172227,260.003540962,0.0307616681685
428000,-59.8270520205,341.048120029,0.0307616681685
429000,-38.5007820743,296.257505542,0.0307616681685
430000,-69.703373839,373.006033413,0.0307616681685
431000,-59.7070512143,365.237606815,0.0307616681685
432000,-43.0062400729,321.283776679,0.0307616681685
433000,-53.7818875462,293.54718686,0.0307616681685
434000,-80.9964167045,363.768665761,0.0307616681685
435000,-37.0227575744,305.683139353,0.0307616681685
436000,-39.7045604583,280.423214967,0.0307616681685
437000,-29.2703635192,258.470682445,0.0307616681685
438000,-46.8362601843,259.949791623,0.0307616681685
439000,-55.6662964797,341.648433991,0.0307616681685
440000,-39.8323405823,252.409975783,0.0307616681685
441000,-66.6850947224,400.897971584,0.0307616681685
442000,-64.1402168581,338.394456379,0.0307616681685
443000,-51.0914363769,226.155377618,0.0307616681685
444000,-48.1128947834,270.189118136,0.0307616681685
445000,-48.2522922007,368.700191384,0.0307616681685
446000,-33.4504236379,287.270961861,0.0307616681685
447000,-35.6391035758,248.78348262,0.0307616681685
448000,-50.3902020317,296.186263388,0.0307616681685
449000,-37.8011428774,282.393483134,0.0307616681685
450000,-67.0666615311,399.599938757,0.0307616681685
451000,-46.9155190636,247.822470653,0.0307616681685
452000,-54.3271152523,243.695543482,0.0307616681685
453000,-68.9709046228,222.341881268,0.0307616681685
454000,-61.0505904535,243.486781687,0.0307616681685
455000,-55.1952134794,273.935374228,0.0307616681685
456000,-65.1485478307,222.80821359,0.0307616681685
457000,-32.8034217171,321.066710079,0.0307616681685
458000,-66.3073753164,325.047627579,0.0307616681685
459000,-43.5038069572,358.640854693,0.0307616681685
460000,-34.4588803806,307.49364424,0.0307616681685
461000,-56.5740375176,367.915927793,0.0307616681685
462000,-36.9742640757,246.213635678,0.0307616681685
463000,-60.0667869153,343.762545459,0.0307616681685
464000,-46.0472937855,257.371551077,0.0307616681685
465000,-70.5136983025,379.442997906,0.0307616681685
466000,-48.6212714135,384.711092957,0.0307616681685
467000,-71.461197051,327.550188436,0.0307616681685
468000,-52.2493797051,366.138877094,0.0307616681685
469000,-49.3891060087,295.6009677,0.0307616681685
470000,-43.7252984022,286.094309246,0.0307616681685
471000,-41.0302467107,301.033703908,0.0307616681685
472000,-58.0695993629,275.037887799,0.0307616681685
473000,-71.33536115,328.346455736,0.0307616681685
474000,-54.7564426695,237.057965516,0.0307616681685
475000,-73.4862006181,256.023696862,0.0307616681685
476000,-66.1689322819,291.649820506,0.0307616681685
477000,-58.6873113413,284.809973629,0.0307616681685
478000,-32.6254724109,331.599580018,0.0307616681685
479000,-44.6220439581,310.44672853,0.0307616681685
480000,-32.9589058099,298.387736042,0.0307616681685
481000,-45.6846293788,378.543582714,0.0307616681685
482000,-73.9705475831,374.698954103,0.0307616681685
483000,-23.8675489487,254.920298323,0.0307616681685
484000,-76.839281414,449.957860308,0.0307616681685
485000,-51.7236135105,359.133959019,0.0307616681685
486000,-82.204970424,354.57433935,0.0307616681685
487000,-60.9559334062,270.763335368,0.0307616681685
488000,-57.9012053078,239.773001301,0.0307616681685
489000,-60.9093963865,338.472991402,0.0307616681685
490000,-76.9228716955,350.847845308,0.0307616681685
491000,-65.4690108286,290.420787884,0.0307616681685
492000,-58.6181409032,313.337426473,0.0307616681685
493000,-49.2359894862,290.93279252,0.0307616681685
494000,-43.9342302467,287.060092867,0.0307616681685
495000,-10.911680198,311.964340061,0.0307616681685
496000,-8.08411834639,308.341332656,0.0307616681685
497000,-67.8348174132,371.442019212,0.0307616681685
498000,-65.7648449038,303.249926789,0.0307616681685
499000,-77.6034392357,331.920152398,0.0307616681685
500000,-48.4840980864,303.613645907,0.0307616681685
501000,-56.1100653014,375.821645357,0.0307616681685
502000,-49.4724970426,270.364016422,0.0307616681685
503000,-51.5077493212,199.008210329,0.0307616681685
504000,-70.5323651638,277.631170081,0.0307616681685
505000,-60.6496684028,231.770970823,0.0307616681685
506000,-71.8500778929,347.852601882,0.0307616681685
507000,-54.00752557,291.091734688,0.0307616681685
508000,-64.0409586703,283.749601175,0.0307616681685
509000,-50.144435383,331.662367251,0.0307616681685
510000,-34.5046365703,281.02979426,0.0307616681685
511000,-64.4558963145,446.70142016,0.0307616681685
512000,-43.2702383454,334.32096088,0.0307616681685
513000,-68.1294968588,373.615794121,0.0307616681685
514000,-55.1265791192,354.144106436,0.0307616681685
515000,-63.479397605,287.387321056,0.0307616681685
516000,-64.642846462,316.499502757,0.0307616681685
517000,-71.6155942871,372.255602815,0.0307616681685
518000,-25.3144095806,337.832985684,0.0307616681685
519000,-35.1307889634,255.661858795,0.0307616681685
520000,-63.0006792433,232.38912201,0.0307616681685
521000,-75.1386220367,235.400260608,0.0307616681685
522000,-68.4754551624,207.737456678,0.0307616681685
523000,-76.9114068187,292.748120004,0.0307616681685
524000,-43.9434834656,221.26776208,0.0307616681685
525000,-56.6244342378,302.418721629,0.0307616681685
526000,-63.6298261821,270.64569752,0.0307616681685
527000,-46.6396209911,302.860037709,0.0307616681685
528000,-97.5802177901,343.940531997,0.0307616681685
529000,-78.2783302674,298.263248554,0.0307616681685
530000,-73.0261921609,312.922537236,0.0307616681685
531000,-65.0721979335,271.628950747,0.0307616681685
532000,-71.612349278,308.788553944,0.0307616681685
533000,-44.9053780961,361.061811489,0.0307616681685
534000,-33.0309137041,324.149138583,0.0307616681685
535000,-59.0113137272,425.11566862,0.0307616681685
536000,-68.9985684781,300.094096134,0.0307616681685
537000,-60.7923991962,322.577392639,0.0307616681685
538000,-61.3681429495,260.453750153,0.0307616681685
539000,-69.8298908466,224.640149635,0.0307616681685
540000,-53.4951432504,301.352435181,0.0307616681685
541000,-49.0611440202,280.144102334,0.0307616681685
542000,-45.5980037732,275.041030316,0.0307616681685
543000,-54.331187883,281.928662859,0.0307616681685
544000,-63.6897362571,425.887764225,0.0307616681685
545000,-66.2581814466,343.213913255,0.0307616681685
546000,-62.9427389195,337.373775491,0.0307616681685
547000,-65.4004762475,318.876538148,0.0307616681685
548000,-90.8343913039,318.855972567,0.0307616681685
549000,-60.0892025896,308.894540578,0.0307616681685
550000,-64.9197165431,374.22389619,0.0307616681685
551000,-48.220700292,335.658112177,0.0307616681685
552000,-63.2256876604,301.228758278,0.0307616681685
553000,-52.354993164,291.274873533,0.0307616681685
554000,-46.8125460524,232.661449404,0.0307616681685
555000,-61.1686604396,260.938162571,0.0307616681685
556000,-59.5204643412,295.751458114,0.0307616681685
557000,-53.0802370109,349.889406347,0.0307616681685
558000,-42.8428133265,260.126276106,0.0307616681685
559000,-60.6274365778,314.43158541,0.0307616681685
560000,-59.8317259407,273.899855996,0.0307616681685
561000,-52.7882687004,369.14862616,0.0307616681685
562000,-59.2827251007,286.860037781,0.0307616681685
563000,-63.197899748,242.676395069,0.0307616681685
564000,-61.6507287382,254.224265811,0.0307616681685
565000,-70.1296351296,334.488370081,0.0307616681685
566000,-32.8075238943,303.181494048,0.0307616681685
567000,-45.3639399627,296.270838441,0.0307616681685
568000,-39.185597887,364.158170576,0.0307616681685
569000,-33.4738281957,398.156086755,0.0307616681685
570000,-23.5555357784,333.930526766,0.0307616681685
571000,-3.12342270692,329.363252682,0.0307616681685
572000,-29.6222911146,344.150058203,0.0307616681685
573000,-37.3068513263,262.455404707,0.0307616681685
574000,-56.3420666215,406.558582933,0.0307616681685
575000,-35.3678748615,397.067316648,0.0307616681685
576000,-42.1281003989,344.221838576,0.0307616681685
577000,-34.4331189324,287.330466664,0.0307616681685
578000,-39.7070540187,264.854363525,0.0307616681685
579000,-69.3768865465,357.861740007,0.0307616681685
580000,-66.2463091754,348.385945363,0.0307616681685
581000,-46.588698618,272.83212074,0.0307616681685
582000,-64.7480548208,346.438673558,0.0307616681685
583000,-30.03774628,312.965146507,0.0307616681685
584000,-30.0507965326,293.367150606,0.0307616681685
585000,-28.9598187714,322.672067852,0.0307616681685
586000,-63.9515784162,303.922757406,0.0307616681685
587000,-61.3023637846,257.603989518,0.0307616681685
588000,-74.7926368471,257.59915715,0.0307616681685
589000,-72.0110905063,328.275660947,0.0307616681685
590000,-38.1397437259,303.277439989,0.0307616681685
591000,-50.2488878316,363.528195346,0.0307616681685
592000,-36.0596350065,222.261414394,0.0307616681685
593000,-51.1000764411,255.52983766,0.0307616681685
594000,-72.922350696,296.593549438,0.0307616681685
595000,-68.6683303361,206.005594219,0.0307616681685
596000,-76.6704935908,240.806002791,0.0307616681685
597000,-73.7229377485,282.960072336,0.0307616681685
598000,-54.9298454576,278.363839956,0.0307616681685
599000,-46.2796096101,264.506707293,0.0307616681685
600000,-59.4583879321,195.343685035,0.0307616681685
601000,-46.6697072196,370.207425223,0.0307616681685
602000,-28.3613427596,378.711009592,0.0307616681685
603000,-58.732203013,367.380566859,0.0307616681685
604000,-48.0958330094,310.274610083,0.0307616681685
605000,-66.7260875163,351.149376097,0.0307616681685
606000,-48.8674331944,303.963479482,0.0307616681685
607000,-66.5296628944,378.248035035,0.0307616681685
608000,-64.6591170121,321.490205266,0.0307616681685
609000,-52.4800525394,314.464786238,0.0307616681685
610000,-84.0652608159,337.369827673,0.0307616681685
611000,-62.0624178685,232.611420363,0.0307616681685
612000,-60.2986098535,265.431780867,0.0307616681685
613000,-64.3087811671,367.411061069,0.0307616681685
614000,-30.0459952706,245.183562699,0.0307616681685
615000,-68.3890758026,278.282945854,0.0307616681685
616000,-70.2118150286,348.023007399,0.0307616681685
617000,-64.9788937081,267.076833319,0.0307616681685
618000,-73.5644896418,378.291686108,0.0307616681685
619000,-70.0175823319,320.861421275,0.0307616681685
620000,-62.7063371898,303.862850432,0.0307616681685
621000,-52.3676827511,274.415110286,0.0307616681685
622000,-54.1965284832,318.606723613,0.0307616681685
623000,-46.5312330093,250.594752797,0.0307616681685
624000,-73.798885758,305.169448543,0.0307616681685
625000,-76.2728832532,313.459364917,0.0307616681685
626000,-65.1111618991,371.663424991,0.0307616681685
627000,-49.6815899685,322.251758012,0.0307616681685
628000,-58.4835872412,290.014002445,0.0307616681685
629000,-70.743565283,241.004729851,0.0307616681685
630000,-55.2750266214,300.456908943,0.0307616681685
631000,-60.7887557548,251.550543523,0.0307616681685
632000,-81.090237803,308.159427604,0.0307616681685
633000,-53.1050723393,235.149091114,0.0307616681685
634000,-72.0311341462,236.272120356,0.0307616681685
635000,-67.0756916553,283.081545147,0.0307616681685
636000,-80.7950366416,254.349767489,0.0307616681685
637000,-85.1968094536,305.576691192,0.0307616681685
638000,-57.7305969902,195.765875768,0.0307616681685
639000,-43.4143061764,281.225899679,0.0307616681685
640000,-66.9355416794,324.411626431,0.0307616681685
641000,-56.5899855142,290.461846842,0.0307616681685
642000,-91.2963847103,407.653308234,0.0307616681685
643000,-44.6567311672,289.217529595,0.0307616681685
644000,-46.0317557836,298.807146463,0.0307616681685
645000,-63.0845237926,270.991240527,0.0307616681685
646000,-60.3028681442,321.890355022,0.0307616681685
647000,-33.1791673373,287.613954322,0.0307616681685
648000,-75.6204141154,326.404483867,0.0307616681685
649000,-47.5807450262,249.48122169,0.0307616681685
650000,-60.8509231333,296.446853034,0.0307616681685
651000,-67.6834275767,302.386961621,0.0307616681685
652000,-55.4943721807,267.924837936,0.0307616681685
653000,-78.8821940417,258.074186631,0.0307616681685
654000,-67.9817871533,226.240120203,0.0307616681685
655000,-76.6145122011,251.906952954,0.0307616681685
656000,-89.3824340288,278.584484042,0.0307616681685
657000,-48.0947350997,236.495597379,0.0307616681685
658000,-58.6239791932,308.13720817,0.0307616681685
659000,-66.6530563763,291.393668744,0.0307616681685
660000,-20.9978431631,363.445435457,0.0307616681685
661000,-38.9291925846,321.772417805,0.0307616681685
662000,-46.1611306341,302.009970395,0.0307616681685
663000,-50.9139255978,334.713205897,0.0307616681685
664000,-68.9706310639,250.81483854,0.0307616681685
665000,-61.6651616976,242.115093592,0.0307616681685
666000,-45.3697198888,279.2562382,0.0307616681685
667000,-60.9059082203,270.469662711,0.0307616681685
668000,-52.8065466693,258.390319432,0.0307616681685
669000,-60.6586888045,223.554419443,0.0307616681685
670000,-57.073583012,331.510692595,0.0307616681685
671000,-53.8542591409,339.702331736,0.0307616681685
672000,-62.898447238,327.508273053,0.0307616681685
673000,-32.5430759645,238.76436956,0.0307616681685
674000,-70.820506008,285.350453393,0.0307616681685
675000,-73.8684011191,250.624866551,0.0307616681685
676000,-73.2337316473,202.079370069,0.0307616681685
677000,-80.4028841144,317.909640941,0.0307616681685
678000,-71.3774870159,228.4638638,0.0307616681685
679000,-88.2929471208,276.781860263,0.0307616681685
680000,-68.9998293843,300.057949185,0.0307616681685
681000,-60.7257237485,370.081215429,0.0307616681685
682000,-16.6558979276,304.305263439,0.0307616681685
683000,-55.2246777961,362.506460344,0.0307616681685
684000,-71.3288357968,290.167806705,0.0307616681685
685000,-59.7051753296,272.094265681,0.0307616681685
686000,-96.6713554959,305.810040595,0.0307616681685
687000,-52.430395991,247.061951133,0.0307616681685
688000,-61.2130143608,303.837318987,0.0307616681685
689000,-52.500515338,197.202349822,0.0307616681685
690000,-58.9494526874,269.366410602,0.0307616681685
691000,-56.6123935017,289.826270976,0.0307616681685
692000,-62.4369223227,259.218335582,0.0307616681685
693000,-48.30604515,296.109404816,0.0307616681685
694000,-43.2561151947,325.059890083,0.0307616681685
695000,-27.9861479367,262.768661371,0.0307616681685
696000,-85.7729498696,306.869449688,0.0307616681685
697000,-71.1340457846,249.836999473,0.0307616681685
698000,-69.7573838953,262.891557065,0.0307616681685
699000,-79.1014698115,279.166451418,0.0307616681685
700000,-73.05213385,299.657697022,0.0307616681685
701000,-28.1929325801,229.425518943,0.0307616681685
702000,-77.4076331478,392.331001931,0.0307616681685
703000,-45.7253483977,250.737033334,0.0307616681685
704000,-77.6732451884,199.933518886,0.0307616681685
705000,-58.493056662,198.338741329,0.0307616681685
706000,-54.2061075388,325.020272996,0.0307616681685
707000,-40.9895385717,295.790585526,0.0307616681685
708000,-40.6109375622,294.54878367,0.0307616681685
709000,-36.322227637,381.128987813,0.0307616681685
710000,-39.1853406266,448.766240422,0.0307616681685
711000,-64.4807223188,388.881451928,0.0307616681685
712000,-65.3142518766,322.55291486,0.0307616681685
713000,-61.9625261042,320.389523424,0.0307616681685
714000,-53.4492845908,357.126522805,0.0307616681685
715000,-42.2600175628,429.275108266,0.0307616681685
716000,-48.3723957947,233.836248508,0.0307616681685
717000,-67.9860967336,225.734242112,0.0307616681685
718000,-76.0867924462,307.182908863,0.0307616681685
719000,-65.6170126211,257.724489943,0.0307616681685
720000,-76.3731143179,265.700128288,0.0307616681685
721000,-79.0443388906,257.554006745,0.0307616681685
722000,-64.6775977815,288.08223622,0.0307616681685
723000,-68.8081124941,283.002075128,0.0307616681685
724000,-71.8959748203,271.251884934,0.0307616681685
725000,-64.82382457,294.244718763,0.0307616681685
726000,-60.382875316,336.692111055,0.0307616681685
727000,-45.7524723248,324.54408175,0.0307616681685
728000,-51.8599021999,242.802747416,0.0307616681685
729000,-72.7887194147,239.278477731,0.0307616681685
730000,-56.1146829453,224.509406059,0.0307616681685
731000,-56.4152233174,260.229448792,0.0307616681685
732000,-41.9900038103,292.694249126,0.0307616681685
733000,-43.3815112647,278.738284513,0.0307616681685
734000,-49.0971762715,265.125277283,0.0307616681685
735000,-51.0477729566,185.169921194,0.0307616681685
736000,-57.7402444271,198.561136293,0.0307616681685
737000,-72.4667118085,268.931728478,0.0307616681685
738000,-78.6904725151,282.312126115,0.0307616681685
739000,-55.8878035084,233.969119151,0.0307616681685
740000,-73.96807378,244.157234857,0.0307616681685
741000,-73.2578761309,281.27593081,0.0307616681685
742000,-83.7720870664,286.432918222,0.0307616681685
743000,-76.3291463868,293.468794075,0.0307616681685
744000,-87.7305117517,417.565309913,0.0307616681685
745000,-73.3718748308,189.106200788,0.0307616681685
746000,-59.4349765335,314.67517759,0.0307616681685
747000,-66.1403914394,304.660280432,0.0307616681685
748000,-78.9985651315,240.253475866,0.0307616681685
749000,-91.3382927149,346.410080293,0.0307616681685
750000,-52.4153993578,323.252282385,0.0307616681685
751000,-66.1630608924,341.058450854,0.0307616681685
752000,-66.2628888115,292.636423066,0.0307616681685
753000,-55.099697925,296.03643935,0.0307616681685
754000,-43.0979255802,262.988098061,0.0307616681685
755000,-55.4863604429,317.838783682,0.0307616681685
756000,-64.251092633,294.567341271,0.0307616681685
757000,-51.7632443787,241.765342202,0.0307616681685
758000,-48.0752933521,301.209256188,0.0307616681685
759000,-62.4413461688,247.594744337,0.0307616681685
760000,-64.705406545,257.950582962,0.0307616681685
761000,-92.103297161,342.598688186,0.0307616681685
762000,-72.5351139155,286.624448881,0.0307616681685
763000,-86.3544526261,320.852712317,0.0307616681685
764000,-73.0925389459,401.565876977,0.0307616681685
765000,-39.3839140492,355.619757935,0.0307616681685
766000,-49.2849200087,346.023516447,0.0307616681685
767000,-64.5841095427,347.238819351,0.0307616681685
768000,-46.0348690553,341.345597097,0.0307616681685
769000,-67.7604837682,399.708547146,0.0307616681685
770000,-41.5406038313,304.72201976,0.0307616681685
771000,-47.1126373378,354.595004311,0.0307616681685
772000,-32.8510643701,323.586602357,0.0307616681685
773000,-37.5949114033,313.109761522,0.0307616681685
774000,-11.2317952807,342.461875906,0.0307616681685
775000,-48.8269114148,347.0124566,0.0307616681685
776000,-26.6036887637,353.284128192,0.0307616681685
777000,-45.360331288,408.730868574,0.0307616681685
778000,-36.8986905117,395.737422226,0.0307616681685
779000,-66.2438079224,294.309728837,0.0307616681685
780000,-78.5447531247,280.465381841,0.0307616681685
781000,-55.7126586715,245.0639785,0.0307616681685
782000,-71.3596200015,380.794209169,0.0307616681685
783000,-71.6893672618,291.702109961,0.0307616681685
784000,-77.7534712632,369.903989451,0.0307616681685
785000,-66.2284383162,287.414308572,0.0307616681685
786000,-70.4640500806,321.758430212,0.0307616681685
787000,-32.9331062781,253.492274626,0.0307616681685
788000,-56.2953830372,321.350276612,0.0307616681685
789000,-67.1877891416,289.027224133,0.0307616681685
790000,-83.8835643922,273.572978315,0.0307616681685
791000,-71.8773154458,282.609687453,0.0307616681685
792000,-46.7223118878,215.543315064,0.0307616681685
793000,-86.9065197615,243.501746046,0.0307616681685
794000,-65.5850795964,262.730873907,0.0307616681685
795000,-83.7210706577,288.455557704,0.0307616681685
796000,-73.1765996755,294.126461144,0.0307616681685
797000,-60.0626943121,200.377486182,0.0307616681685
798000,-86.4599580235,357.026861382,0.0307616681685
799000,-76.5849160648,323.50926064,0.0307616681685
800000,-59.7045418803,294.216591056,0.0307616681685
801000,-51.7280611488,385.98946239,0.0307616681685
802000,-47.7510161609,235.081762869,0.0307616681685
803000,-33.652995103,287.393730162,0.0307616681685
804000,-29.9599571346,265.252103586,0.0307616681685
805000,-44.7067405272,258.338034435,0.0307616681685
806000,-10.1886702679,352.442280547,0.0307616681685
807000,-50.0795830947,271.806819055,0.0307616681685
808000,-65.8976663736,279.824694585,0.0307616681685
809000,-68.0499245806,351.386602653,0.0307616681685
810000,-14.6949589302,229.7235092,0.0307616681685
811000,-44.1000254268,333.86202688,0.0307616681685
812000,-63.2560664262,273.349034087,0.0307616681685
813000,-62.5801400605,215.103749043,0.0307616681685
814000,-45.8015795295,278.385286365,0.0307616681685
815000,-41.8910976688,263.585092967,0.0307616681685
816000,-68.2896690643,230.02571968,0.0307616681685
817000,-87.53885221,275.808717759,0.0307616681685
818000,-68.4077717239,281.011463896,0.0307616681685
819000,-59.8331473584,327.07152933,0.0307616681685
820000,-65.3570770252,341.453691727,0.0307616681685
821000,-69.0258003079,380.218785903,0.0307616681685
822000,-23.8314680646,261.746171581,0.0307616681685
823000,-55.4340716877,294.326583217,0.0307616681685
824000,-71.6200040599,300.58033709,0.0307616681685
825000,-65.4146788686,251.506918039,0.0307616681685
826000,-85.5430835063,347.504620959,0.0307616681685
827000,-54.01527486,212.228654344,0.0307616681685
828000,-62.6740490738,331.507236623,0.0307616681685
829000,-80.9079794541,310.861223629,0.0307616681685
830000,-79.402558877,279.171609627,0.0307616681685
831000,-54.7683607501,358.520152707,0.0307616681685
832000,-35.2091292226,255.807462553,0.0307616681685
833000,-53.6608474044,342.135949213,0.0307616681685
834000,-46.8136484765,317.959098865,0.0307616681685
835000,-58.5894185284,287.982073427,0.0307616681685
836000,-56.0505359942,328.794230273,0.0307616681685
837000,-70.4720265794,423.720183465,0.0307616681685
838000,-49.3725873816,300.039447514,0.0307616681685
839000,-44.2622489444,267.586918613,0.0307616681685
840000,-55.255352257,318.139639365,0.0307616681685
841000,-72.8140689713,281.643513477,0.0307616681685
842000,-79.6633752077,381.023577473,0.0307616681685
843000,-59.9132443476,302.663868421,0.0307616681685
844000,-58.4466206114,331.352172388,0.0307616681685
845000,-63.0501600149,326.199829769,0.0307616681685
846000,-30.7709840354,325.403751341,0.0307616681685
847000,-39.2718340288,213.121719608,0.0307616681685
848000,-81.7623506834,303.132177007,0.0307616681685
849000,-53.7927660558,244.742005853,0.0307616681685
850000,-56.0661858719,275.563568971,0.0307616681685
851000,-58.8694164136,336.91615847,0.0307616681685
852000,-46.5770406791,349.814339466,0.0307616681685
853000,-62.3898579879,287.370449701,0.0307616681685
854000,-86.3664303744,375.33637424,0.0307616681685
855000,-55.7021555055,261.648942039,0.0307616681685
856000,-46.1434389449,287.764689892,0.0307616681685
857000,-71.9659422157,275.877324974,0.0307616681685
858000,-58.8561344405,202.802816889,0.0307616681685
859000,-29.0355606622,220.954931092,0.0307616681685
860000,-53.8078632841,326.970471981,0.0307616681685
861000,-38.9530472259,294.823547153,0.0307616681685
862000,-38.5269373373,338.729731207,0.0307616681685
863000,-67.5177124209,263.932311273,0.0307616681685
864000,-65.2718748504,289.47714677,0.0307616681685
865000,-71.6016652886,290.108266918,0.0307616681685
866000,-38.3559757677,246.704370946,0.0307616681685
867000,-49.0089732017,281.422749586,0.0307616681685
868000,-89.1220981666,386.408761238,0.0307616681685
869000,-82.0582822144,279.493089433,0.0307616681685
870000,-78.4501301569,257.368552552,0.0307616681685
871000,-57.2413602313,297.261520764,0.0307616681685
872000,-51.7468831375,317.050479247,0.0307616681685
873000,-51.2399194548,193.859190313,0.0307616681685
874000,-48.9720743762,279.005777325,0.0307616681685
875000,-80.7855428718,204.003069319,0.0307616681685
876000,-99.0408206173,289.000954426,0.0307616681685
877000,-99.6525507443,254.929430736,0.0307616681685
878000,-80.2587590029,277.231431096,0.0307616681685
879000,-87.010038637,248.829786375,0.0307616681685
880000,-77.8794435283,240.473791483,0.0307616681685
881000,-55.9818816789,247.839754182,0.0307616681685
882000,-47.9515230131,257.63489372,0.0307616681685
883000,-28.2746887376,281.828816525,0.0307616681685
884000,-59.6539767548,287.733195435,0.0307616681685
885000,-16.4338495077,328.679273772,0.0307616681685
886000,-31.0615288142,324.652027599,0.0307616681685
887000,-18.209895683,373.56453728,0.0307616681685
888000,-76.6870212601,315.56004544,0.0307616681685
889000,-63.7116039401,258.069319184,0.0307616681685
890000,-21.478941928,315.152359289,0.0307616681685
891000,-59.8372733475,361.66815245,0.0307616681685
892000,-78.8845276961,364.162895393,0.0307616681685
893000,-53.9441658557,328.338782913,0.0307616681685
894000,-61.3758811953,318.535009402,0.0307616681685
895000,-53.3832117575,282.962814311,0.0307616681685
896000,-60.7277515924,301.508394499,0.0307616681685
897000,-48.9927897219,310.428179255,0.0307616681685
898000,-24.058245319,388.989953308,0.0307616681685
899000,-47.7569190985,327.560970841,0.0307616681685
900000,-50.3544643507,332.227597962,0.0307616681685
901000,-67.4901242595,302.889286458,0.0307616681685
902000,-78.4147978804,354.8905862,0.0307616681685
903000,-73.9388551187,334.642298373,0.0307616681685
904000,-56.26532051,307.053062271,0.0307616681685
905000,-44.8308374674,340.81060051,0.0307616681685
906000,-43.4842370424,303.774025007,0.0307616681685
907000,-56.2674815583,247.708624934,0.0307616681685
908000,-74.4776548352,273.556083785,0.0307616681685
909000,-67.7380450134,316.903283515,0.0307616681685
910000,-59.4923480541,187.560651775,0.0307616681685
911000,-61.6961668561,279.759991159,0.0307616681685
912000,-53.0119588619,326.208879927,0.0307616681685
913000,-35.1673937188,272.404832409,0.0307616681685
914000,-75.7152912292,319.661295392,0.0307616681685
915000,-74.1472493675,316.336374767,0.0307616681685
916000,-62.2599334905,288.469156983,0.0307616681685
917000,-55.0043812244,263.659669114,0.0307616681685
918000,-38.4500956838,344.973791446,0.0307616681685
919000,-44.1764951175,316.717741239,0.0307616681685
920000,-35.304551243,275.08940217,0.0307616681685
921000,-52.5905970555,341.551506221,0.0307616681685
922000,-56.2303426113,246.220519463,0.0307616681685
923000,-66.2266023885,281.910366622,0.0307616681685
924000,-45.6968839689,293.632146919,0.0307616681685
925000,-60.1220846474,333.419020132,0.0307616681685
926000,-62.4265045912,297.951068761,0.0307616681685
927000,-60.6093277645,254.421973009,0.0307616681685
928000,-44.9472742283,333.290801797,0.0307616681685
929000,-68.5793924509,270.947859356,0.0307616681685
930000,-65.2481322202,294.18228623,0.0307616681685
931000,-42.8354192596,274.47435691,0.0307616681685
932000,-73.9126879887,293.139379125,0.0307616681685
933000,-61.9245053632,319.373226777,0.0307616681685
934000,-61.5627000066,267.66982876,0.0307616681685
935000,-56.2473946691,371.195109255,0.0307616681685
936000,-53.1103719428,314.994355439,0.0307616681685
937000,-65.1303036784,315.049566938,0.0307616681685
938000,-87.8774421055,271.804607678,0.0307616681685
939000,-62.749694815,215.314535032,0.0307616681685
940000,-68.6597107033,261.569064418,0.0307616681685
941000,-68.9631142903,278.773258729,0.0307616681685
942000,-98.3223182711,261.104080933,0.0307616681685
943000,-58.7994455297,256.795976913,0.0307616681685
944000,-55.3010633594,257.903910061,0.0307616681685
945000,-60.157742778,293.100392341,0.0307616681685
946000,-72.7082150361,331.59834042,0.0307616681685
947000,-80.3840235942,286.38739107,0.0307616681685
948000,-61.0023785166,257.791021338,0.0307616681685
949000,-78.2001424538,354.669120836,0.0307616681685
950000,-76.2671282312,253.662295705,0.0307616681685
951000,-69.952616201,265.434387465,0.0307616681685
952000,-49.4046531857,307.735808617,0.0307616681685
953000,-62.2611942284,266.009028163,0.0307616681685
954000,-47.408776547,311.414814393,0.0307616681685
955000,-51.658696323,367.939067939,0.0307616681685
956000,-50.9561135422,267.661462515,0.0307616681685
957000,-45.1107854503,274.41232509,0.0307616681685
958000,-39.2363339826,278.1210555,0.0307616681685
959000,-54.1828063221,266.47808037,0.0307616681685
960000,-51.4747855887,375.016966709,0.0307616681685
961000,-34.6880993581,365.389313441,0.0307616681685
962000,-3.98453437678,313.787265007,0.0307616681685
963000,-38.2013616788,271.486002881,0.0307616681685
964000,-41.0251122611,223.675237319,0.0307616681685
965000,-54.8948161191,269.340885168,0.0307616681685
966000,-71.7164438001,276.571965083,0.0307616681685
967000,-52.8530860298,305.06445462,0.0307616681685
968000,-54.120308113,224.948750383,0.0307616681685
969000,-64.2090476749,262.647428229,0.0307616681685
970000,-63.4552362535,256.891174286,0.0307616681685
971000,-55.0925685201,368.902573829,0.0307616681685
972000,-42.8479486104,364.627324633,0.0307616681685
973000,-76.9359340449,291.411651879,0.0307616681685
974000,-77.4794900881,266.925416974,0.0307616681685
975000,-66.8137608951,310.546652194,0.0307616681685
976000,-51.2030761061,270.610247753,0.0307616681685
977000,-61.6221750559,347.441473041,0.0307616681685
978000,-41.0170312778,249.159983684,0.0307616681685
979000,-74.4235569581,439.083230238,0.0307616681685
980000,-45.4673272569,276.436469697,0.0307616681685
981000,-57.0971492907,270.531504838,0.0307616681685
982000,-69.5902684226,368.027664616,0.0307616681685
983000,-68.672005682,329.368078175,0.0307616681685
984000,-75.4874677334,269.622168294,0.0307616681685
985000,-62.0617253489,286.383598346,0.0307616681685
986000,-49.9259714559,233.875722147,0.0307616681685
987000,-69.1208219062,295.516303572,0.0307616681685
988000,-60.698448188,343.863384119,0.0307616681685
989000,-64.9390763696,247.317795064,0.0307616681685
990000,-73.7489770157,281.678419419,0.0307616681685
991000,-88.0574137896,263.705993621,0.0307616681685
992000,-50.8040313594,243.932136766,0.0307616681685
993000,-68.1254657081,399.513665136,0.0307616681685
994000,-59.992525618,379.616460272,0.0307616681685
995000,-57.5320806506,297.865590113,0.0307616681685
996000,-76.8554161349,311.292615495,0.0307616681685
997000,-64.4219830547,239.155080968,0.0307616681685
998000,-53.8552861364,292.269551337,0.0307616681685
999000,-36.4668324108,288.747821867,0.0307616681685
1000000,-49.5352837953,303.333443081,0.0307616681685
1001000,-14.062857954,345.267265002,0.0307616681685
1002000,3.88049300257,321.921005738,0.0307616681685
1003000,-34.1837031922,375.931260369,0.0307616681685
1004000,-45.8423225998,331.10060629,0.0307616681685
1005000,-36.5722958566,285.003507066,0.0307616681685
1006000,-45.2634911805,357.671093074,0.0307616681685
1007000,-27.2373986881,370.92043047,0.0307616681685
1008000,-35.513084548,296.987621506,0.0307616681685
1009000,-82.6031731157,317.531872711,0.0307616681685
1010000,-61.9254046912,243.747628167,0.0307616681685
1011000,-59.2600248004,223.808410166,0.0307616681685
1012000,-61.1189435086,316.413325602,0.0307616681685
1013000,-49.741772389,271.984820429,0.0307616681685
1014000,-55.82957018,327.156710091,0.0307616681685
1015000,-46.229645219,246.687779253,0.0307616681685
1016000,-63.6181249489,209.43844202,0.0307616681685
1017000,-84.1436750754,241.334323102,0.0307616681685
1018000,-69.5041615162,320.608349156,0.0307616681685
1019000,-61.6654356616,343.718057888,0.0307616681685
1020000,-60.7837707809,220.924712721,0.0307616681685
1021000,-64.8627796336,332.224640285,0.0307616681685
1022000,-60.1892446194,271.700532065,0.0307616681685
1023000,-53.551882118,236.343451087,0.0307616681685
1024000,-45.6632241143,303.991049118,0.0307616681685
1025000,-44.7780725402,302.348565325,0.0307616681685
1026000,-47.0954799738,311.106342553,0.0307616681685
1027000,-48.6259846511,212.234783447,0.0307616681685
1028000,-74.8415786295,267.695737085,0.0307616681685
1029000,-33.0032478567,256.216607696,0.0307616681685
1030000,-55.6451500762,321.083823589,0.0307616681685
1031000,-64.4061179506,350.446897306,0.0307616681685
1032000,-42.7898874148,313.610392296,0.0307616681685
1033000,-61.1227759249,357.414432502,0.0307616681685
1034000,-52.3714688732,305.885305059,0.0307616681685
1035000,-47.3001754545,329.52549257,0.0307616681685
1036000,-32.3260643177,274.742894988,0.0307616681685
1037000,-67.595033868,320.966316251,0.0307616681685
1038000,-17.7538021751,313.381808176,0.0307616681685
1039000,-44.0555778444,326.143955628,0.0307616681685
1040000,-62.0760838897,356.359726042,0.0307616681685
1041000,-45.101400965,321.723124318,0.0307616681685
1042000,-65.3771259308,252.205818132,0.0307616681685
1043000,-60.6020557773,279.674492186,0.0307616681685
1044000,-35.14662849,239.594872004,0.0307616681685
1045000,-91.3502402165,317.697085907,0.0307616681685
1046000,-64.0134607674,303.311146652,0.0307616681685
1047000,-50.4227112504,288.425165253,0.0307616681685
1048000,-61.1011573438,298.905843152,0.0307616681685
1049000,-74.885056073,242.594465118,0.0307616681685
1050000,-51.1758665541,216.03888974,0.0307616681685
1051000,-62.4277253336,350.632259531,0.0307616681685
1052000,-74.3836174115,314.322194765,0.0307616681685
1053000,-31.3543250609,227.119785351,0.0307616681685
1054000,-71.6561194117,391.433432325,0.0307616681685
1055000,-70.1751638231,243.381643876,0.0307616681685
1056000,-63.9505812086,286.605058908,0.0307616681685
1057000,-53.5021401627,364.366670239,0.0307616681685
1058000,-52.5940796131,271.517043134,0.0307616681685
1059000,-48.2711807289,345.331192907,0.0307616681685
1060000,-42.3476174256,316.461266959,0.0307616681685
1061000,-33.3675955077,267.498409392,0.0307616681685
1062000,-44.4706339817,485.934668334,0.0307616681685
1063000,-3.32725155967,358.797247961,0.0307616681685
1064000,-23.9160490307,286.81615746,0.0307616681685
1065000,-42.4161326358,337.897006898,0.0307616681685
1066000,-46.5771052057,322.232238224,0.0307616681685
1067000,-43.8755812819,353.573592227,0.0307616681685
1068000,-76.0405470733,277.119364055,0.0307616681685
1069000,-60.0903550644,286.245324104,0.0307616681685
1070000,-52.4505332177,385.396535059,0.0307616681685
1071000,-57.0345590487,347.431478259,0.0307616681685
1072000,-48.1279605935,333.602036818,0.0307616681685
1073000,-70.6682312617,389.456889796,0.0307616681685
1074000,-58.503164411,338.866904624,0.0307616681685
1075000,-67.4030964336,283.876947897,0.0307616681685
1076000,-68.5554859374,337.145932968,0.0307616681685
1077000,-41.1398162771,309.946959983,0.0307616681685
1078000,-59.9030085009,278.671928984,0.0307616681685
1079000,-49.2591761364,359.689270878,0.0307616681685
1080000,-43.9212965881,429.516765884,0.0307616681685
1081000,-37.8826950909,393.279231274,0.0307616681685
1082000,-30.2491522544,275.531349213,0.0307616681685
1083000,-54.3067920313,293.719963423,0.0307616681685
1084000,-80.9729356308,329.584557436,0.0307616681685
1085000,-53.7508905372,294.8853699,0.0307616681685
1086000,-71.8888541854,389.625728477,0.0307616681685
1087000,-64.5618009835,329.792207434,0.0307616681685
1088000,-46.3941239103,269.671477111,0.0307616681685
1089000,-46.4949726539,334.290098319,0.0307616681685
1090000,-60.3939594378,332.640791822,0.0307616681685
1091000,-64.1943542955,332.621959049,0.0307616681685
1092000,-70.1116075032,240.513348562,0.0307616681685
1093000,-57.283476834,279.995860731,0.0307616681685
1094000,-79.6484788911,284.328907525,0.0307616681685
1095000,-62.8856890411,285.422627026,0.0307616681685
1096000,-24.8587314975,211.956744057,0.0307616681685
1097000,-43.7189564928,317.27072095,0.0307616681685
1098000,-38.7069798495,297.280578638,0.0307616681685
1099000,-47.9330975938,370.549670102,0.0307616681685
1100000,-28.223108086,332.010031587,0.0307616681685
1101000,-67.3005437291,353.119569041,0.0307616681685
1102000,-36.2023322028,467.789721354,0.0307616681685
1103000,-18.4776482706,302.820594722,0.0307616681685
1104000,-51.6008901142,381.394322206,0.0307616681685
1105000,-57.229702295,249.248318915,0.0307616681685
1106000,-45.8757727109,258.574175602,0.0307616681685
1107000,-53.8446139407,294.236351175,0.0307616681685
1108000,-48.1943498953,301.240274917,0.0307616681685
1109000,-67.5925647291,276.5357389,0.0307616681685
1110000,-52.7866354572,264.661321879,0.0307616681685
1111000,-95.4886735602,313.854397313,0.0307616681685
1112000,-77.0896797378,365.370721159,0.0307616681685
1113000,-58.21682128,248.41989818,0.0307616681685
1114000,-78.1834798167,251.074518736,0.0307616681685
1115000,-71.2264611622,300.257335922,0.0307616681685
1116000,-49.75240457,176.421091116,0.0307616681685
1117000,-59.8416071333,314.256965625,0.0307616681685
1118000,-19.0397008613,250.862343696,0.0307616681685
1119000,-24.012952656,367.472574446,0.0307616681685
1120000,-30.1034722486,319.600482676,0.0307616681685
1121000,-29.6165072201,287.685135845,0.0307616681685
1122000,-56.4654122063,330.128171685,0.0307616681685
1123000,-45.3200663025,312.566111599,0.0307616681685
1124000,-58.8470539927,304.590282661,0.0307616681685
1125000,-78.4579854747,285.409387443,0.0307616681685
1126000,-61.216049184,279.239823496,0.0307616681685
1127000,-48.9475059793,359.567044625,0.0307616681685
1128000,-29.5187132871,236.404705116,0.0307616681685
1129000,-47.9993922017,252.776958566,0.0307616681685
1130000,-50.4948677432,257.898049867,0.0307616681685
1131000,-67.8965824994,271.249216705,0.0307616681685
1132000,-71.4707497701,286.008063573,0.0307616681685
1133000,-59.6015253857,346.229705032,0.0307616681685
1134000,-64.3102842421,405.429507695,0.0307616681685
1135000,-61.1763302449,403.725180016,0.0307616681685
1136000,-53.3232973083,252.497849058,0.0307616681685
1137000,-81.6968053046,324.666143188,0.0307616681685
1138000,-59.6467563443,284.276501988,0.0307616681685
1139000,-23.1261242322,266.699710135,0.0307616681685
1140000,-55.8614809307,338.037800047,0.0307616681685
1141000,-51.9453444072,297.382411317,0.0307616681685
1142000,-52.1653402537,319.738534537,0.0307616681685
1143000,-54.0409402527,308.105714709,0.0307616681685
1144000,-60.417791525,387.917511275,0.0307616681685
1145000,-50.1781278466,332.923306168,0.0307616681685
1146000,-45.4613070964,300.148082666,0.0307616681685
1147000,-65.9148791009,362.443844299,0.0307616681685
1148000,-35.5059614178,297.311897041,0.0307616681685
1149000,-43.332670819,301.865822326,0.0307616681685
1150000,-74.9002901863,244.81987692,0.0307616681685
1151000,-82.7667604295,275.46641472,0.0307616681685
1152000,-64.2465338753,281.001046696,0.0307616681685
1153000,-76.2160756333,322.779733721,0.0307616681685
1154000,-46.4265099454,297.702999603,0.0307616681685
1155000,-39.6124269465,313.251407446,0.0307616681685
1156000,-79.2427168925,302.212908872,0.0307616681685
1157000,-63.9487874624,339.838306962,0.0307616681685
1158000,-51.6126332853,391.867653181,0.0307616681685
1159000,-53.6690871552,405.050665127,0.0307616681685
1160000,-86.4588943636,295.059448229,0.0307616681685
1161000,-66.9717338525,289.054056655,0.0307616681685
1162000,-66.6973850675,276.881243814,0.0307616681685
1163000,-85.665021876,290.940056091,0.0307616681685
1164000,-77.3228656875,262.814169696,0.0307616681685
1165000,-63.0599719769,236.619384618,0.0307616681685
1166000,-49.1134982461,260.185382334,0.0307616681685
1167000,-32.476994115,307.351928524,0.0307616681685
1168000,-43.3221268576,324.797822441,0.0307616681685
1169000,-74.4976035234,276.711919973,0.0307616681685
1170000,-53.1560150428,310.055869731,0.0307616681685
1171000,-58.6133207984,251.586428647,0.0307616681685
1172000,-73.665326092,298.035656962,0.0307616681685
1173000,-77.0565396331,270.216496207,0.0307616681685
1174000,-91.0799081547,352.985347,0.0307616681685
1175000,-34.6815854476,353.544728736,0.0307616681685
1176000,-45.8287584807,244.411014865,0.0307616681685
1177000,-64.0581046343,259.246163255,0.0307616681685
1178000,-53.9829582429,210.614166462,0.0307616681685
1179000,-43.2924942574,245.337991535,0.0307616681685
1180000,-72.1233729937,322.552289528,0.0307616681685
1181000,-78.9076508561,296.698498178,0.0307616681685
1182000,-66.7082867719,277.942248539,0.0307616681685
1183000,-60.2933532114,360.002172399,0.0307616681685
1184000,-41.1045349896,348.049969244,0.0307616681685
1185000,-41.6893433655,422.631892237,0.0307616681685
1186000,-49.7230138505,295.559585044,0.0307616681685
1187000,-64.2204578681,293.889260547,0.0307616681685
1188000,-74.7304667427,249.076550878,0.0307616681685
1189000,-52.3887965078,221.368254054,0.0307616681685
1190000,-68.2256058177,347.109832071,0.0307616681685
1191000,-59.1790953548,320.913980411,0.0307616681685
1192000,-42.0178618375,197.969878125,0.0307616681685
1193000,-85.3958912327,278.067000128,0.0307616681685
1194000,-61.7810418304,222.914948309,0.0307616681685
1195000,-52.7631009575,243.935121079,0.0307616681685
1196000,-60.4203536936,272.564715465,0.0307616681685
1197000,-39.1857304118,243.634696111,0.0307616681685
1198000,-48.4781087317,230.842821491,0.0307616681685
1199000,-61.6243514455,295.294350073,0.0307616681685
1200000,-43.7886511491,307.440503327,0.0307616681685
1201000,-53.3825348103,291.069779563,0.0307616681685
1202000,-37.1876859358,248.041202768,0.0307616681685
1203000,-21.4922134364,276.69107477,0.0307616681685
1204000,-42.4137675746,310.874160018,0.0307616681685
1205000,-55.2583606092,395.982908433,0.0307616681685
1206000,-39.9730128283,321.68480625,0.0307616681685
1207000,-53.9693285331,385.566642307,0.0307616681685
1208000,-10.2320693292,328.314008506,0.0307616681685
1209000,-40.0385243065,383.248603361,0.0307616681685
1210000,-52.4769120215,304.824708335,0.0307616681685
1211000,-60.8877254207,333.709591822,0.0307616681685
1212000,-41.725167022,344.417463886,0.0307616681685
1213000,-33.173953021,290.140530865,0.0307616681685
1214000,-46.9132296705,327.744656472,0.0307616681685
1215000,-52.8935182858,375.139990417,0.0307616681685
1216000,-27.00123688,356.077966133,0.0307616681685
1217000,-51.121966697,301.394303168,0.0307616681685
1218000,-59.1191187753,317.290333063,0.0307616681685
1219000,-59.1109251427,277.930661064,0.0307616681685
1220000,-34.2583790629,232.543289505,0.0307616681685
1221000,-44.8099602188,316.14685401,0.0307616681685
1222000,-71.4911336007,330.094221115,0.0307616681685
1223000,-56.1277154258,269.955804398,0.0307616681685
1224000,-59.8870809691,290.070565037,0.0307616681685
1225000,-76.9254982046,345.056347938,0.0307616681685
1226000,-76.6187585802,273.832699336,0.0307616681685
1227000,-64.9168161324,287.523779566,0.0307616681685
1228000,-37.0761208481,399.074909894,0.0307616681685
1229000,-64.7989136725,264.35971207,0.0307616681685
1230000,-61.5237975033,285.815061257,0.0307616681685
1231000,-80.6139201598,364.070693048,0.0307616681685
1232000,-51.670699329,390.328000488,0.0307616681685
1233000,-52.1292498824,331.587055388,0.0307616681685
1234000,-76.804032205,306.072915626,0.0307616681685
1235000,-66.0472648342,309.261175535,0.0307616681685
1236000,-42.7827365344,210.776079327,0.0307616681685
1237000,-59.1329645937,332.310236739,0.0307616681685
1238000,-46.35582717,306.293908555,0.0307616681685
1239000,-56.3165837711,362.841875152,0.0307616681685
1240000,-63.0233073373,317.941695002,0.0307616681685
1241000,-60.6812178085,317.197418984,0.0307616681685
1242000,-68.1048404669,292.32615574,0.0307616681685
1243000,-74.7169099669,265.392848235,0.0307616681685
1244000,-100.085692437,295.21484986,0.0307616681685
1245000,-84.1895955935,245.122220453,0.0307616681685
1246000,-75.2767802655,254.481528189,0.0307616681685
1247000,-45.8386615789,253.340646116,0.0307616681685
1248000,-44.2119830643,352.292473974,0.0307616681685
1249000,-34.0504210481,252.820181159,0.0307616681685
1250000,-53.8233851604,257.187068845,0.0307616681685
1251000,-66.2204233908,229.790243272,0.0307616681685
1252000,-74.5065751924,248.815423481,0.0307616681685
1253000,-70.0683624548,255.253565771,0.0307616681685
1254000,-54.10859326,287.169792513,0.0307616681685
1255000,-69.0759989252,330.760466655,0.0307616681685
1256000,-46.9728317544,292.471769709,0.0307616681685
1257000,-38.5478822729,192.255622305,0.0307616681685
1258000,-76.8747312156,307.1594975,0.0307616681685
1259000,-55.9178598626,401.006864091,0.0307616681685
1260000,-36.5306071291,327.747480522,0.0307616681685
1261000,-77.9743309747,330.35625862,0.0307616681685
1262000,-58.1460299933,316.892137461,0.0307616681685
1263000,-53.3293178861,283.3806626,0.0307616681685
1264000,-70.8200982222,243.115784121,0.0307616681685
1265000,-58.3549117192,204.560090665,0.0307616681685
1266000,-50.7226537591,265.490681615,0.0307616681685
1267000,-87.0735399737,323.24089592,0.0307616681685
1268000,-65.033025143,323.887085582,0.0307616681685
1269000,-33.7605674658,277.699060565,0.0307616681685
1270000,-39.9223239564,270.373522734,0.0307616681685
1271000,-57.993931385,326.204113623,0.0307616681685
1272000,-88.6306366793,422.493940551,0.0307616681685
1273000,-70.4308403863,378.034423284,0.0307616681685
1274000,-42.4142996273,337.246055,0.0307616681685
1275000,-62.6122906849,344.595849552,0.0307616681685
1276000,-66.8989002163,325.051782979,0.0307616681685
1277000,-67.8664598122,209.800433921,0.0307616681685
1278000,-66.2507339731,241.985623651,0.0307616681685
1279000,-78.461691845,245.860568359,0.0307616681685
1280000,-70.7752457826,236.467471736,0.0307616681685
1281000,-68.9395940189,331.851855886,0.0307616681685
1282000,-86.0591052051,288.32449193,0.0307616681685
1283000,-77.6561443236,201.648060437,0.0307616681685
1284000,-76.2001129829,244.452674849,0.0307616681685
1285000,-71.10514402,285.882472146,0.0307616681685
1286000,-49.2702800363,215.996172714,0.0307616681685
1287000,-65.2500533049,268.411588088,0.0307616681685
1288000,-62.8133371808,198.955350409,0.0307616681685
1289000,-65.7695608938,212.397129026,0.0307616681685
1290000,-68.1259534077,241.047221571,0.0307616681685
1291000,-43.6866498578,288.860120464,0.0307616681685
1292000,-47.9675070686,328.298042075,0.0307616681685
1293000,-54.6500340129,285.15146546,0.0307616681685
1294000,-29.1167342051,198.678270077,0.0307616681685
1295000,-61.5356101927,269.777526281,0.0307616681685
1296000,-73.6703015978,264.15588375,0.0307616681685
1297000,-89.3699728405,345.374801148,0.0307616681685
1298000,-56.878405062,178.806088333,0.0307616681685
1299000,-61.5937541547,252.238235085,0.0307616681685
1300000,-70.6227044029,274.697795296,0.0307616681685
1301000,-71.5290536107,250.004243588,0.0307616681685
1302000,-75.1760041565,323.6610514,0.0307616681685
1303000,-71.3057033099,301.31723055,0.0307616681685
1304000,-83.0421620967,281.106313468,0.0307616681685
1305000,-75.018869854,295.410388101,0.0307616681685
1306000,-67.2784027741,305.102279454,0.0307616681685
1307000,-61.677525737,256.636733796,0.0307616681685
1308000,-46.4197376547,268.106358871,0.0307616681685
1309000,-39.2493331856,256.021442767,0.0307616681685
1310000,-64.4858002516,273.353815835,0.0307616681685
1311000,-80.0735341958,287.9787115,0.0307616681685
1312000,-66.2440106506,228.999341791,0.0307616681685
1313000,-66.6528076941,321.337119752,0.0307616681685
1314000,-67.3920731533,372.493454001,0.0307616681685
1315000,-80.473773309,275.327680257,0.0307616681685
1316000,-60.3553666508,326.39690175,0.0307616681685
1317000,-46.978640786,236.096187884,0.0307616681685
1318000,-32.752938206,241.824808344,0.0307616681685
1319000,-36.8002735292,208.028825422,0.0307616681685
1320000,-64.3104377104,338.140777767,0.0307616681685
1321000,-56.7080319226,332.339151828,0.0307616681685
1322000,-51.0733254854,297.154349873,0.0307616681685
1323000,-77.1030705352,334.590095933,0.0307616681685
1324000,-93.6152536603,307.361662639,0.0307616681685
1325000,-65.5851078136,257.456834218,0.0307616681685
1326000,-30.1654815983,300.875538138,0.0307616681685
1327000,-50.2687730434,232.613854198,0.0307616681685
1328000,-73.4788694305,336.746773566,0.0307616681685
1329000,-61.0896576416,294.877618542,0.0307616681685
1330000,-61.2361480173,272.673991541,0.0307616681685
1331000,-74.4538487165,260.662317812,0.0307616681685
1332000,-68.6659107902,265.536177833,0.0307616681685
1333000,-69.0911981112,317.857430975,0.0307616681685
1334000,-59.582506592,326.248923291,0.0307616681685
1335000,-41.9240366549,308.65911549,0.0307616681685
1336000,-56.67233081,244.516562241,0.0307616681685
1337000,-60.2438334601,318.691190648,0.0307616681685
1338000,-60.3369671223,248.648681314,0.0307616681685
1339000,-47.8331223755,218.831993252,0.0307616681685
1340000,-53.2260181639,282.988175078,0.0307616681685
1341000,-76.9190807207,333.094049274,0.0307616681685
1342000,-79.5488507351,315.725503118,0.0307616681685
1343000,-84.0181989195,282.062077408,0.0307616681685
1344000,-54.8678904447,262.433260592,0.0307616681685
1345000,-53.7934976373,202.297103861,0.0307616681685
1346000,-52.9011343905,274.22695798,0.0307616681685
1347000,-36.8979519864,239.14871657,0.0307616681685
1348000,-59.4590405182,336.588261483,0.0307616681685
1349000,-47.2876506696,407.071622451,0.0307616681685
1350000,-44.1384206738,295.167421656,0.0307616681685
1351000,-64.2395642429,355.678274846,0.0307616681685
1352000,-66.1557735139,300.111796832,0.0307616681685
1353000,-69.8282172873,312.102700056,0.0307616681685
1354000,-53.0793248109,258.539230099,0.0307616681685
1355000,-57.5517207957,286.01443043,0.0307616681685
1356000,-52.379980636,361.086999469,0.0307616681685
1357000,-64.7853799415,267.976014495,0.0307616681685
1358000,-77.9491117938,246.56173132,0.0307616681685
1359000,-47.667444798,331.177108456,0.0307616681685
1360000,-43.965218377,372.277964128,0.0307616681685
1361000,-59.7296677414,381.98489,0.0307616681685
1362000,-55.8962731473,300.054669329,0.0307616681685
1363000,-41.2073182963,224.979200137,0.0307616681685
1364000,-55.5106476628,286.626570522,0.0307616681685
1365000,-66.0505997282,243.655847152,0.0307616681685
1366000,-62.8329401971,290.523286368,0.0307616681685
1367000,-63.773507968,274.444642879,0.0307616681685
1368000,-67.398839574,257.521042405,0.0307616681685
1369000,-69.3466911428,323.935536548,0.0307616681685
1370000,-69.4575261481,267.711890881,0.0307616681685
1371000,-81.4721996367,369.315728991,0.0307616681685
1372000,-62.2858539455,257.251647267,0.0307616681685
1373000,-63.0242117177,340.539262145,0.0307616681685
1374000,-66.8691023459,283.618131575,0.0307616681685
1375000,-70.0653732873,315.182995364,0.0307616681685
1376000,-68.7000327884,251.848366478,0.0307616681685
1377000,-70.2577384464,347.585083718,0.0307616681685
1378000,-32.4842263307,191.541161114,0.0307616681685
1379000,-58.3182068934,345.721008845,0.0307616681685
1380000,-43.6394041641,309.940223388,0.0307616681685
1381000,-41.1673723179,299.282095551,0.0307616681685
1382000,-29.9052267806,317.760263792,0.0307616681685
1383000,-43.040856777,295.275134463,0.0307616681685
1384000,-59.2301083126,333.582017983,0.0307616681685
1385000,-83.3615683126,323.460664889,0.0307616681685
1386000,-37.4768480634,279.572577516,0.0307616681685
1387000,-83.1696189562,407.646110488,0.0307616681685
1388000,-70.7263469544,314.983355704,0.0307616681685
1389000,-49.6262776295,294.023097442,0.0307616681685
1390000,-50.6602606983,298.703265903,0.0307616681685
1391000,-69.7188254779,236.122256805,0.0307616681685
1392000,-103.968561265,262.066397911,0.0307616681685
1393000,-67.5668787563,292.27811152,0.0307616681685
1394000,-61.6988159688,254.012073277,0.0307616681685
1395000,-69.1818184166,252.664800178,0.0307616681685
1396000,-77.7309106911,275.182594939,0.0307616681685
1397000,-91.2182832214,390.21144902,0.0307616681685
1398000,-50.5724978976,349.075362932,0.0307616681685
1399000,-27.4772895388,297.855160133,0.0307616681685
1400000,-36.6385723145,231.41171564,0.0307616681685
1401000,-61.7411515971,383.500924675,0.0307616681685
1402000,-48.4557751382,339.040311551,0.0307616681685
1403000,-28.331660879,302.328113286,0.0307616681685
1404000,-73.6362014383,406.49159862,0.0307616681685
1405000,-78.0979710446,324.48069592,0.0307616681685
1406000,-72.5241734149,348.990898088,0.0307616681685
1407000,-45.3767725823,273.094822668,0.0307616681685
1408000,-75.8521323085,219.227186884,0.0307616681685
1409000,-52.9031926205,205.984556794,0.0307616681685
1410000,-79.7705559625,396.885652851,0.0307616681685
1411000,-67.8189569838,286.047098919,0.0307616681685
1412000,-84.1255700932,255.994412159,0.0307616681685
1413000,-49.767796809,261.158884363,0.0307616681685
1414000,-67.3665115896,282.662837055,0.0307616681685
1415000,-79.9913000626,358.918356167,0.0307616681685
1416000,-64.8024887645,369.59533648,0.0307616681685
1417000,-50.7671532119,230.899720131,0.0307616681685
1418000,-54.9952160089,354.160682715,0.0307616681685
1419000,-60.1468276342,336.302309748,0.0307616681685
1420000,-73.9817294474,277.630005863,0.0307616681685
1421000,-63.1283159234,287.050491205,0.0307616681685
1422000,-55.2481994419,288.340767666,0.0307616681685
1423000,-75.240111939,366.606681191,0.0307616681685
1424000,-56.5562557939,280.620070656,0.0307616681685
1425000,-55.5721012431,340.525610886,0.0307616681685
1426000,-60.2351853785,284.317575281,0.0307616681685
1427000,-64.5603233128,337.562379286,0.0307616681685
1428000,-58.3533384951,303.000980011,0.0307616681685
1429000,-75.7326064459,282.300324629,0.0307616681685
1430000,-80.0311637644,244.782985028,0.0307616681685
1431000,-74.3132291735,321.719878972,0.0307616681685
1432000,-65.391294461,256.413398668,0.0307616681685
1433000,-83.8558523189,321.979935944,0.0307616681685
1434000,-53.2440850745,300.187943187,0.0307616681685
1435000,-60.9158337901,293.14817995,0.0307616681685
1436000,-68.5457087229,313.358583501,0.0307616681685
1437000,-62.684755098,299.212810316,0.0307616681685
1438000,-57.3417897134,286.835886504,0.0307616681685
1439000,-68.4660557806,323.229659841,0.0307616681685
1440000,-68.1634352223,416.647967374,0.0307616681685
1441000,-53.9415165738,289.009231325,0.0307616681685
1442000,-92.2433636383,400.52324743,0.0307616681685
1443000,-70.2968632686,318.260643266,0.0307616681685
1444000,-65.0595415263,265.101723322,0.0307616681685
1445000,-77.6937207444,319.808799812,0.0307616681685
1446000,-70.8095774289,375.596237518,0.0307616681685
1447000,-69.5776643869,368.973649081,0.0307616681685
1448000,-67.0112068161,383.331197898,0.0307616681685
1449000,-35.6382214862,191.533056467,0.0307616681685
1450000,-48.7659317758,300.259612042,0.0307616681685
1451000,-69.5244278094,304.328343131,0.0307616681685
1452000,-42.5109727731,328.245829431,0.0307616681685
1453000,-65.6930738367,273.951725237,0.0307616681685
1454000,-47.5012829291,293.181761673,0.0307616681685
1455000,-41.586976728,243.501678492,0.0307616681685
1456000,-52.2062862725,379.131579121,0.0307616681685
1457000,-32.1984841693,337.007383419,0.0307616681685
1458000,-45.6242007574,376.403167478,0.0307616681685
1459000,-37.3387828059,351.578817249,0.0307616681685
1460000,-14.1111195202,278.702777921,0.0307616681685
1461000,-39.0531678146,339.313879467,0.0307616681685
1462000,-61.1925165415,293.174727326,0.0307616681685
1463000,-74.1550526801,361.076672807,0.0307616681685
1464000,-56.4015928079,264.300580176,0.0307616681685
1465000,-48.369160982,309.896734016,0.0307616681685
1466000,-83.3288234329,249.794823467,0.0307616681685
1467000,-76.856204902,286.901363034,0.0307616681685
1468000,-61.9953520862,210.161175429,0.0307616681685
1469000,-69.8491273984,271.645181687,0.0307616681685
1470000,-52.2281896685,278.994842631,0.0307616681685
1471000,-56.3335831983,245.122998412,0.0307616681685
1472000,-62.2219261849,283.132177302,0.0307616681685
1473000,-60.2158098431,335.506547442,0.0307616681685
1474000,-46.0706783177,260.552462166,0.0307616681685
1475000,-59.5521151391,291.664373304,0.0307616681685
1476000,-84.5512184048,313.437263475,0.0307616681685
1477000,-76.3298766592,320.184658165,0.0307616681685
1478000,-89.2182395061,232.393669212,0.0307616681685
1479000,-70.0509959682,258.76125346,0.0307616681685
1480000,-69.1144048943,274.351713152,0.0307616681685
1481000,-33.8610479951,239.58980598,0.0307616681685
1482000,-74.067151272,369.82197254,0.0307616681685
1483000,-77.9466801909,289.661982266,0.0307616681685
1484000,-74.4784363837,314.276608809,0.0307616681685
1485000,-80.8376931742,374.521832664,0.0307616681685
1486000,-65.9654458659,267.857079132,0.0307616681685
1487000,-67.2468258023,284.632587823,0.0307616681685
1488000,-61.8293885964,334.214941362,0.0307616681685
1489000,-45.7094313149,357.361422142,0.0307616681685
1490000,-73.1562214081,314.740631519,0.0307616681685
1491000,-52.8287333158,316.703108461,0.0307616681685
1492000,-51.5153036754,271.360064611,0.0307616681685
1493000,-88.6778405694,356.312204408,0.0307616681685
1494000,-76.3957209037,245.120911338,0.0307616681685
1495000,-46.6012253918,307.113537343,0.0307616681685
1496000,-38.0545759686,321.270686935,0.0307616681685
1497000,-57.2074166132,278.890439155,0.0307616681685
1498000,-49.4669268735,254.577125578,0.0307616681685
1499000,-54.5502168919,432.570405807,0.0307616681685
1500000,-73.8170888352,334.280024094,0.0307616681685
1501000,-62.1430485523,279.352931476,0.0307616681685
1502000,-83.9835809194,304.658739959,0.0307616681685
1503000,-61.8501199462,249.330196656,0.0307616681685
1504000,-66.4512244423,248.763579054,0.0307616681685
1505000,-65.0475402232,269.507001053,0.0307616681685
1506000,-50.1647880163,303.777858167,0.0307616681685
1507000,-72.5111906454,353.355277754,0.0307616681685
1508000,-67.7524244541,343.898251131,0.0307616681685
1509000,-68.0586640378,301.987070519,0.0307616681685
1510000,-42.9223698948,248.679782061,0.0307616681685
1511000,-65.8333094078,367.412641356,0.0307616681685
1512000,-51.6348377699,323.683067238,0.0307616681685
1513000,-56.88141689,266.269728447,0.0307616681685
1514000,-58.8575694953,262.589102304,0.0307616681685
1515000,-41.3824453288,254.876636236,0.0307616681685
1516000,-48.8004034761,304.37633428,0.0307616681685
1517000,-62.7870839734,267.026813163,0.0307616681685
1518000,-76.9421044945,248.056311736,0.0307616681685
1519000,-55.7364067202,271.489220538,0.0307616681685
1520000,-43.3957940827,277.565796168,0.0307616681685
1521000,-47.0699216944,351.121283183,0.0307616681685
1522000,-60.2289601181,313.920150519,0.0307616681685
1523000,-67.0079670627,399.475322664,0.0307616681685
1524000,-62.4413295507,302.332317137,0.0307616681685
1525000,-49.7560770713,320.025923501,0.0307616681685
1526000,-59.6113000467,305.128977854,0.0307616681685
1527000,-76.3262716808,312.594048583,0.0307616681685
1528000,-78.2065258656,286.768576075,0.0307616681685
1529000,-56.0068615495,248.716748316,0.0307616681685
1530000,-68.2892668638,258.987414734,0.0307616681685
1531000,-40.9649489632,268.576002647,0.0307616681685
1532000,-47.0889469173,311.165201616,0.0307616681685
1533000,-58.8134406534,404.987865565,0.0307616681685
1534000,-63.3854277172,316.291044336,0.0307616681685
1535000,-43.0035692221,272.966845133,0.0307616681685
1536000,-57.2992849686,330.599634788,0.0307616681685
1537000,-37.4131527093,222.289113453,0.0307616681685
1538000,-53.193790854,299.283515218,0.0307616681685
1539000,-48.1505310016,246.904797921,0.0307616681685
1540000,-36.8340681726,310.041830049,0.0307616681685
1541000,-61.2738790762,343.68095754,0.0307616681685
1542000,-68.1242743452,320.697969055,0.0307616681685
1543000,-48.2332088693,317.61690983,0.0307616681685
1544000,-51.1108646733,236.099494302,0.0307616681685
1545000,-52.1938010465,296.876462221,0.0307616681685
1546000,-54.9565464489,270.068679666,0.0307616681685
1547000,-30.5045769899,328.462818871,0.0307616681685
1548000,-57.7549256079,416.683129798,0.0307616681685
1549000,-65.5652769122,277.607348865,0.0307616681685
1550000,-77.4780612966,321.439281442,0.0307616681685
1551000,-62.159983539,243.775534504,0.0307616681685
1552000,-45.6790502517,318.774372394,0.0307616681685
1553000,-49.806499443,322.253136101,0.0307616681685
1554000,-75.6762386486,285.778710964,0.0307616681685
1555000,-73.6522471934,356.324449754,0.0307616681685
1556000,-80.7127959742,363.886493413,0.0307616681685
1557000,-60.0102386447,285.715451689,0.0307616681685
1558000,-44.4446243156,254.58952339,0.0307616681685
1559000,-58.213703761,310.117580157,0.0307616681685
1560000,-61.7199415427,232.522440163,0.0307616681685
1561000,-70.7323271427,256.005260814,0.0307616681685
1562000,-64.2446674553,331.166360428,0.0307616681685
1563000,-46.6742108242,318.228320669,0.0307616681685
1564000,-51.5916641967,313.599291632,0.0307616681685
1565000,-61.1550829059,352.631030334,0.0307616681685
1566000,-57.5674473626,329.978353708,0.0307616681685
1567000,-51.6030405923,208.54909706,0.0307616681685
1568000,-78.6727268996,351.203911553,0.0307616681685
1569000,-65.5723431941,290.453110792,0.0307616681685
1570000,-61.9132464788,252.332045515,0.0307616681685
1571000,-66.6248877746,273.360308363,0.0307616681685
1572000,-73.5930292892,288.419767492,0.0307616681685
1573000,-73.4315961908,274.041105266,0.0307616681685
1574000,-39.167597191,201.04355867,0.0307616681685
1575000,-71.5588652868,312.182313325,0.0307616681685
1576000,-73.7585312674,318.691488864,0.0307616681685
1577000,-68.2563484199,366.326371451,0.0307616681685
1578000,-45.0838126308,291.369166399,0.0307616681685
1579000,-56.2095305314,311.851571228,0.0307616681685
1580000,-55.9516455928,262.15712997,0.0307616681685
1581000,-58.2703792358,304.778210238,0.0307616681685
1582000,-46.715984358,291.520295076,0.0307616681685
1583000,-81.7152147151,401.941373571,0.0307616681685
1584000,-65.6593338873,307.136295397,0.0307616681685
1585000,-23.4399290312,295.248520266,0.0307616681685
1586000,-72.5639894025,267.637539138,0.0307616681685
1587000,-51.8333119289,317.838649839,0.0307616681685
1588000,-35.4537642658,232.72302393,0.0307616681685
1589000,-58.3876273082,329.945052417,0.0307616681685
1590000,-49.8268741152,306.949988695,0.0307616681685
1591000,-46.8297438712,301.492746283,0.0307616681685
1592000,-60.7962263181,232.919577264,0.0307616681685
1593000,-71.4863780066,300.44589568,0.0307616681685
1594000,-56.9624911137,259.573599482,0.0307616681685
1595000,-62.8154026039,312.738224066,0.0307616681685
1596000,-41.6097273359,254.11908938,0.0307616681685
1597000,-43.3145156688,325.97370574,0.0307616681685
1598000,-55.4286864314,371.436691672,0.0307616681685
1599000,-49.3820299206,418.282847313,0.0307616681685
1600000,-53.4518504732,227.391052738,0.0307616681685
1601000,-57.7207671624,267.681240067,0.0307616681685
1602000,-56.9842089709,353.464036722,0.0307616681685
1603000,-60.3407057512,320.205306753,0.0307616681685
1604000,-31.9209981299,311.554088555,0.0307616681685
1605000,-63.1607103566,279.177845535,0.0307616681685
1606000,-70.1103562774,238.563109786,0.0307616681685
1607000,-78.3359760201,296.489308019,0.0307616681685
1608000,-66.6453194018,326.967711227,0.0307616681685
1609000,-55.8620571617,266.93057319,0.0307616681685
1610000,-35.6320074976,241.547447825,0.0307616681685
1611000,-55.3126949609,406.887082159,0.0307616681685
1612000,-56.2935949048,328.294052947,0.0307616681685
1613000,-67.2340799103,256.071432684,0.0307616681685
1614000,-64.7807277924,260.268578784,0.0307616681685
1615000,-54.7064426334,338.347877413,0.0307616681685
1616000,-73.9724397449,287.863414505,0.0307616681685
1617000,-60.944956265,321.465729762,0.0307616681685
1618000,-54.8702322941,317.089464223,0.0307616681685
1619000,-67.0613630173,301.434849433,0.0307616681685
1620000,-53.6746708562,354.046790188,0.0307616681685
1621000,-44.5886730236,260.201762611,0.0307616681685
1622000,-59.1475224791,261.005531878,0.0307616681685
1623000,-28.3498702022,300.274013009,0.0307616681685
1624000,-52.437970244,269.909513383,0.0307616681685
1625000,-59.0295294515,247.286612769,0.0307616681685
1626000,-87.3722320696,274.7605018,0.0307616681685
1627000,-51.4486400121,251.289683667,0.0307616681685
1628000,-75.069888574,233.225879986,0.0307616681685
1629000,-70.8123662869,318.39690368,0.0307616681685
1630000,-85.5955218543,239.019792204,0.0307616681685
1631000,-33.4116044709,260.573940887,0.0307616681685
1632000,-54.6749625754,312.139740738,0.0307616681685
1633000,-50.213984947,325.717841012,0.0307616681685
1634000,-60.7210760182,342.713998377,0.0307616681685
1635000,-71.9664783472,333.633570734,0.0307616681685
1636000,-40.5020805371,254.623734137,0.0307616681685
1637000,-44.5773301657,397.064436623,0.0307616681685
1638000,-29.0923226518,364.151288174,0.0307616681685
1639000,-32.2681388698,451.281755534,0.0307616681685
1640000,-28.9796149923,326.233360659,0.0307616681685
1641000,-48.4028843252,337.943452633,0.0307616681685
1642000,-37.5168940438,375.781419451,0.0307616681685
1643000,-61.747225063,389.371615197,0.0307616681685
1644000,-43.0211171187,291.057771445,0.0307616681685
1645000,-61.0303394502,374.024150573,0.0307616681685
1646000,-57.2355546986,277.152534763,0.0307616681685
1647000,-74.4961891782,347.900736403,0.0307616681685
1648000,-80.9597315004,355.36170597,0.0307616681685
1649000,-32.8691094314,246.958854817,0.0307616681685
1650000,-71.2132026308,339.215917571,0.0307616681685
1651000,-71.3612652139,268.300675933,0.0307616681685
1652000,-91.8423028203,327.893373505,0.0307616681685
1653000,-35.4950037615,279.964836104,0.0307616681685
1654000,-41.1130718224,370.443011153,0.0307616681685
1655000,-50.6082834765,209.716129409,0.0307616681685
1656000,-79.2875984773,367.49198472,0.0307616681685
1657000,-101.935151112,250.191111085,0.0307616681685
1658000,-91.5117949245,298.520814604,0.0307616681685
1659000,-56.6741303171,326.731573997,0.0307616681685
1660000,-30.7993734223,324.324757471,0.0307616681685
1661000,-20.6158366962,335.883349157,0.0307616681685
1662000,-47.6373656312,364.284840572,0.0307616681685
1663000,-63.9575103077,284.383627669,0.0307616681685
1664000,-67.7018310882,234.314637719,0.0307616681685
1665000,-72.3958621031,290.315630916,0.0307616681685
1666000,-71.2716416077,249.933799882,0.0307616681685
1667000,-72.0397396058,207.661363799,0.0307616681685
1668000,-65.9503541216,215.465527007,0.0307616681685
1669000,-84.5997016903,238.012357073,0.0307616681685
1670000,-74.4322756499,331.018781945,0.0307616681685
1671000,-79.5416344619,261.181349959,0.0307616681685
1672000,-56.9111699718,348.542920172,0.0307616681685
1673000,-67.0796903703,241.412158702,0.0307616681685
1674000,-77.3962428434,220.053986501,0.0307616681685
1675000,-61.9188896993,232.53003978,0.0307616681685
1676000,-66.6730188399,267.314895713,0.0307616681685
1677000,-68.6752582215,298.586077856,0.0307616681685
1678000,-66.0300422193,323.861167801,0.0307616681685
1679000,-70.4148961466,291.239939367,0.0307616681685
1680000,-71.6941680214,205.278275407,0.0307616681685
1681000,-39.5959680782,266.422986587,0.0307616681685
1682000,-45.5934980724,294.24275931,0.0307616681685
1683000,-56.3899607012,239.331494577,0.0307616681685
1684000,-57.4974479424,207.492094038,0.0307616681685
1685000,-56.5722118719,320.015357758,0.0307616681685
1686000,-57.0137605222,233.226317262,0.0307616681685
1687000,-48.2295736507,307.831987982,0.0307616681685
1688000,-44.1674301583,305.402637859,0.0307616681685
1689000,-67.7382752871,198.679857708,0.0307616681685
1690000,-75.7722983673,223.917159739,0.0307616681685
1691000,-78.9709151595,240.4209558,0.0307616681685
1692000,-81.8595203354,391.894942909,0.0307616681685
1693000,-36.0468379146,272.648357428,0.0307616681685
1694000,-59.4769164056,326.71822803,0.0307616681685
1695000,-53.7176160726,304.726148189,0.0307616681685
1696000,-88.9294836822,337.36664252,0.0307616681685
1697000,-50.4461449662,224.472634784,0.0307616681685
1698000,-64.6327445325,259.854950686,0.0307616681685
1699000,-63.39641314,285.713343334,0.0307616681685
1700000,-66.0908086804,304.16371804,0.0307616681685
1701000,-48.185357916,362.421886392,0.0307616681685
1702000,-46.9061038319,327.098805261,0.0307616681685
1703000,-49.6093688539,305.478048867,0.0307616681685
1704000,-54.2529262944,359.216794814,0.0307616681685
1705000,-76.4651635423,332.713219333,0.0307616681685
1706000,-74.1861933683,384.916107061,0.0307616681685
1707000,-48.3858375612,324.390711526,0.0307616681685
1708000,-38.5231822525,262.990023173,0.0307616681685
1709000,-45.4474315191,335.598841417,0.0307616681685
1710000,-39.2646975127,284.259893289,0.0307616681685
1711000,-74.8190933284,323.314298761,0.0307616681685
1712000,-61.6750460651,240.501663889,0.0307616681685
1713000,-33.4750739614,320.393818599,0.0307616681685
1714000,-77.892736889,357.409186608,0.0307616681685
1715000,-89.4000797669,299.339554746,0.0307616681685
1716000,-61.7117411139,267.842693271,0.0307616681685
1717000,-47.7187889147,320.663125053,0.0307616681685
1718000,-66.8575199071,321.21090063,0.0307616681685
1719000,-77.1705854781,311.557792099,0.0307616681685
1720000,-79.8985302058,241.258866641,0.0307616681685
1721000,-65.0352202469,299.189754583,0.0307616681685
1722000,-71.2685386935,287.46835177,0.0307616681685
1723000,-61.0686450944,257.82187139,0.0307616681685
1724000,-72.7754718703,239.415347992,0.0307616681685
1725000,-52.0062517158,259.955123632,0.0307616681685
1726000,-58.8544072166,289.7132505,0.0307616681685
1727000,-60.1937345683,287.937206148,0.0307616681685
1728000,-37.1262171906,272.151198063,0.0307616681685
1729000,-30.0679814548,318.755977755,0.0307616681685
1730000,-72.8267390083,271.500271827,0.0307616681685
1731000,-73.4833894582,235.509727497,0.0307616681685
1732000,-35.5754911936,282.256572205,0.0307616681685
1733000,-27.0365512223,322.993193045,0.0307616681685
1734000,-54.8228935078,412.477337042,0.0307616681685
1735000,-71.7937606528,380.258573378,0.0307616681685
1736000,-46.3538054449,316.704165168,0.0307616681685
1737000,-62.2598051641,277.036916951,0.0307616681685
1738000,-84.8704693,367.927319918,0.0307616681685
1739000,-67.4794597957,290.563591262,0.0307616681685
1740000,-71.2659023127,281.214053519,0.0307616681685
1741000,-60.1990634863,230.82546403,0.0307616681685
1742000,-67.9163562035,311.147977272,0.0307616681685
1743000,-65.0879704143,329.374961569,0.0307616681685
1744000,-61.9441532536,328.844329935,0.0307616681685
1745000,-57.6726009025,314.491864249,0.0307616681685
1746000,-46.2176230164,280.948675413,0.0307616681685
1747000,-10.3725354387,303.108324275,0.0307616681685
1748000,-51.4392592802,319.401587001,0.0307616681685
1749000,-41.9922318383,278.049222191,0.0307616681685
1750000,-54.6806096538,326.393927416,0.0307616681685
1751000,-75.2270947533,307.263488069,0.0307616681685
1752000,-77.2209581472,282.957856598,0.0307616681685
1753000,-68.2846713502,247.302391886,0.0307616681685
1754000,-74.2377407991,278.33935434,0.0307616681685
1755000,-77.1984988701,230.39870397,0.0307616681685
1756000,-59.3821438489,264.236887129,0.0307616681685
1757000,-56.3643370894,229.035789283,0.0307616681685
1758000,-57.7059955047,224.989894244,0.0307616681685
1759000,-73.2756112234,303.394538101,0.0307616681685
1760000,-64.5751540014,316.814411524,0.0307616681685
1761000,-58.7407924542,374.147045186,0.0307616681685
1762000,-51.7439093871,382.14022516,0.0307616681685
1763000,-25.6778563025,318.173139061,0.0307616681685
1764000,-45.8023398025,270.243921853,0.0307616681685
1765000,-54.0756472811,308.640027447,0.0307616681685
1766000,-63.4583248112,309.78470525,0.0307616681685
1767000,-39.0435964668,276.83856809,0.0307616681685
1768000,-59.1449466597,386.185220333,0.0307616681685
1769000,-60.5822958198,229.461420626,0.0307616681685
1770000,-45.990333608,335.817317366,0.0307616681685
1771000,-67.5005158441,281.34268685,0.0307616681685
1772000,-29.7081728789,288.246946671,0.0307616681685
1773000,-56.8607953523,348.135846149,0.0307616681685
1774000,-67.0823448378,337.343654454,0.0307616681685
1775000,-75.2777874883,346.642684125,0.0307616681685
1776000,-62.374541614,329.06047564,0.0307616681685
1777000,-57.5207277207,333.123427631,0.0307616681685
1778000,-69.5919152265,350.729325387,0.0307616681685
1779000,-74.1556647596,276.150683839,0.0307616681685
1780000,-65.9884080609,235.449526309,0.0307616681685
1781000,-60.3862721444,351.446540274,0.0307616681685
1782000,-47.0754512051,329.656596395,0.0307616681685
1783000,-31.1542878546,309.482415065,0.0307616681685
1784000,-47.7240283214,282.0679403,0.0307616681685
1785000,-68.2131128123,263.789964511,0.0307616681685
1786000,-85.5794122988,256.445456342,0.0307616681685
1787000,-49.8715773279,375.139549184,0.0307616681685
1788000,-93.6907663146,320.712381016,0.0307616681685
1789000,-46.5940404199,267.536325485,0.0307616681685
1790000,-58.9047580449,347.6438654,0.0307616681685
1791000,-68.2341326504,259.978360281,0.0307616681685
1792000,-51.3920105759,285.507422456,0.0307616681685
1793000,-62.4465076549,324.112050282,0.0307616681685
1794000,-51.266145578,330.560756706,0.0307616681685
1795000,-45.4533563699,260.155360836,0.0307616681685
1796000,-62.4920196454,285.10250682,0.0307616681685
1797000,-48.0595596081,229.407128,0.0307616681685
1798000,-69.0226707112,289.809585611,0.0307616681685
1799000,-58.1968021547,237.170809609,0.0307616681685
1800000,-27.7116521417,316.68637323,0.0307616681685
1801000,-18.2962487493,404.49312876,0.0307616681685
1802000,-42.9930445346,345.696969013,0.0307616681685
1803000,-46.9912861793,347.41758051,0.0307616681685
1804000,-59.4271538443,304.285017811,0.0307616681685
1805000,-66.9668839787,305.734707875,0.0307616681685
1806000,-69.1365866572,353.194283059,0.0307616681685
1807000,-60.6647681632,342.248111581,0.0307616681685
1808000,-64.0998321776,338.195658218,0.0307616681685
1809000,-73.7389017585,353.863916216,0.0307616681685
1810000,-63.5591492091,374.723741769,0.0307616681685
1811000,-78.5695317108,390.969339194,0.0307616681685
1812000,-68.9766343173,282.359432092,0.0307616681685
1813000,-58.2789948441,262.151110938,0.0307616681685
1814000,-61.4004759909,287.085255843,0.0307616681685
1815000,-73.7298457062,359.472905904,0.0307616681685
1816000,-48.3395815124,349.270799266,0.0307616681685
1817000,-40.9393997236,304.579779384,0.0307616681685
1818000,-72.8080826652,303.318126359,0.0307616681685
1819000,-70.4625944696,265.761099913,0.0307616681685
1820000,-81.9893115763,239.777861179,0.0307616681685
1821000,-65.1250589162,265.246984723,0.0307616681685
1822000,-54.8507615021,322.196523683,0.0307616681685
1823000,-56.8099986115,361.952265283,0.0307616681685
1824000,-33.8064863716,324.908565275,0.0307616681685
1825000,-55.6453942818,325.568538569,0.0307616681685
1826000,-72.6548596282,292.368761536,0.0307616681685
1827000,-34.3156087768,257.742535932,0.0307616681685
1828000,-71.1833016861,301.669003139,0.0307616681685
1829000,-53.8598140335,262.747832017,0.0307616681685
1830000,-63.9220064047,338.396464242,0.0307616681685
1831000,-34.4273795224,330.540538852,0.0307616681685
1832000,-57.0429318386,281.201659575,0.0307616681685
1833000,-60.9426453499,323.425463414,0.0307616681685
1834000,-75.8002500155,315.548599592,0.0307616681685
1835000,-68.1904000515,302.850743355,0.0307616681685
1836000,-71.9035086279,248.528809424,0.0307616681685
1837000,-58.9404040904,281.185685524,0.0307616681685
1838000,-60.462507511,274.391853755,0.0307616681685
1839000,-73.5767211057,305.163274355,0.0307616681685
1840000,-39.5590928071,319.083032306,0.0307616681685
1841000,-63.258522,357.39207482,0.0307616681685
1842000,-86.2014213522,259.882159503,0.0307616681685
1843000,-66.5102557296,251.326695639,0.0307616681685
1844000,-58.7656582974,217.960962388,0.0307616681685
1845000,-83.3036591765,295.658312906,0.0307616681685
1846000,-53.5601827989,285.686493488,0.0307616681685
1847000,-64.4869764817,264.3728466,0.0307616681685
1848000,-73.2725760007,229.531808025,0.0307616681685
1849000,-80.4755056829,255.092789341,0.0307616681685
1850000,-59.2762665965,308.718254817,0.0307616681685
1851000,-41.9462981913,288.862691651,0.0307616681685
1852000,-43.7189199929,252.910111024,0.0307616681685
1853000,-41.6208593389,286.024946574,0.0307616681685
1854000,-65.6274568638,331.310023622,0.0307616681685
1855000,-54.302250746,389.571899895,0.0307616681685
1856000,-28.4948598341,280.265174425,0.0307616681685
1857000,-50.2272302789,362.091037927,0.0307616681685
1858000,-47.1222416452,297.036040331,0.0307616681685
1859000,-48.4487572441,261.519747364,0.0307616681685
1860000,2.66789743933,258.510518273,0.0307616681685
1861000,-56.2677577062,328.88068364,0.0307616681685
1862000,-30.9568702386,325.820412368,0.0307616681685
1863000,-63.7632897805,238.684473125,0.0307616681685
1864000,-36.7890168082,230.72402957,0.0307616681685
1865000,-91.9140069603,239.357918233,0.0307616681685
1866000,-60.166769098,225.325974871,0.0307616681685
1867000,-50.8577237299,266.672682874,0.0307616681685
1868000,-54.3253357854,204.588394357,0.0307616681685
1869000,-59.6822718069,309.101806209,0.0307616681685
1870000,-55.0717263891,321.975089376,0.0307616681685
1871000,-80.2443540362,279.965111067,0.0307616681685
1872000,-66.7750604722,220.530887412,0.0307616681685
1873000,-65.2636850921,280.462880799,0.0307616681685
1874000,-69.5661808239,214.826341897,0.0307616681685
1875000,-39.1518902981,326.281234432,0.0307616681685
1876000,-43.4725624674,376.845225821,0.0307616681685
1877000,-78.8406938203,368.972456597,0.0307616681685
1878000,-71.8155001056,255.063299752,0.0307616681685
1879000,-55.8514357575,272.491743319,0.0307616681685
1880000,-65.0512034891,382.50974621,0.0307616681685
1881000,-47.9890814372,343.825977324,0.0307616681685
1882000,-51.3727841997,268.293649018,0.0307616681685
1883000,-64.2354212369,414.061065776,0.0307616681685
1884000,-81.2318793454,352.726666842,0.0307616681685
1885000,-66.9193233351,256.25043337,0.0307616681685
1886000,-81.9280167344,268.229370981,0.0307616681685
1887000,-62.6708502977,348.208091373,0.0307616681685
1888000,-24.427275997,288.698809791,0.0307616681685
1889000,-40.0933984774,182.436583313,0.0307616681685
1890000,-84.9419725305,269.235616588,0.0307616681685
1891000,-66.1273490192,232.150260273,0.0307616681685
1892000,-66.6875958053,232.768075747,0.0307616681685
1893000,-72.3147899561,222.524339275,0.0307616681685
1894000,-49.6122396402,313.276790268,0.0307616681685
1895000,-35.5036155605,236.157877044,0.0307616681685
1896000,-45.1697186344,314.221592177,0.0307616681685
1897000,-51.9624551047,301.757658532,0.0307616681685
1898000,-47.8078851504,294.153429822,0.0307616681685
1899000,-46.9079681633,298.525646759,0.0307616681685
1900000,-36.7282112665,293.243818785,0.0307616681685
1901000,-28.0945709501,277.042186005,0.0307616681685
1902000,-53.5747508064,284.559436019,0.0307616681685
1903000,-81.1390177636,326.730217377,0.0307616681685
1904000,-44.576230882,248.106473022,0.0307616681685
1905000,-62.3344294891,220.415375396,0.0307616681685
1906000,-76.5219510841,253.491547516,0.0307616681685
1907000,-68.4406346426,283.28040455,0.0307616681685
1908000,-55.7888476199,215.856812824,0.0307616681685
1909000,-52.5394194663,276.13549104,0.0307616681685
1910000,-68.6082451523,271.620419305,0.0307616681685
1911000,-51.3976764692,275.132270135,0.0307616681685
1912000,-57.8465067782,296.191082254,0.0307616681685
1913000,-42.1470625576,293.295796151,0.0307616681685
1914000,-67.3088088764,336.116289584,0.0307616681685
1915000,-57.219594004,313.219256621,0.0307616681685
1916000,-66.4311035541,282.408598278,0.0307616681685
1917000,-60.1088041755,381.274996467,0.0307616681685
1918000,-58.8723844317,344.373590586,0.0307616681685
1919000,-70.5773286874,288.78381195,0.0307616681685
1920000,-64.0461838953,369.53959899,0.0307616681685
1921000,-77.1231361818,356.733133634,0.0307616681685
1922000,-63.8712254619,292.877030245,0.0307616681685
1923000,-77.3088735324,334.013688809,0.0307616681685
1924000,-66.991869089,288.497893439,0.0307616681685
1925000,-38.1734918004,256.012945713,0.0307616681685
1926000,-64.0423982669,357.022360191,0.0307616681685
1927000,-57.9062985695,312.025291447,0.0307616681685
1928000,-61.1822441462,309.20187188,0.0307616681685
1929000,-61.2966358232,214.489158295,0.0307616681685
1930000,-74.7798972569,328.291682861,0.0307616681685
1931000,-73.3121391454,288.321103364,0.0307616681685
1932000,-85.3745291784,329.746606894,0.0307616681685
1933000,-94.7932469804,311.091966137,0.0307616681685
1934000,-69.2998268223,340.518666701,0.0307616681685
1935000,-35.2468349642,282.611952818,0.0307616681685
1936000,-74.1621583024,331.259908767,0.0307616681685
1937000,-71.8671975674,402.497174058,0.0307616681685
1938000,-54.8703278314,297.270363541,0.0307616681685
1939000,-46.151233017,264.79511832,0.0307616681685
1940000,-65.606371526,390.502419131,0.0307616681685
1941000,-28.1507108546,298.338294487,0.0307616681685
1942000,-45.9714208403,351.484663354,0.0307616681685
1943000,-37.6616457154,320.41001813,0.0307616681685
1944000,-56.4732651206,281.399676883,0.0307616681685
1945000,-40.3991353913,293.12163821,0.0307616681685
1946000,-65.1504286753,279.697637991,0.0307616681685
1947000,-60.0385717192,231.863042852,0.0307616681685
1948000,-66.3432133766,329.906155331,0.0307616681685
1949000,-72.7737395892,360.051696819,0.0307616681685
1950000,-50.6116784322,280.652483747,0.0307616681685
1951000,-33.8659626066,283.535098708,0.0307616681685
1952000,-45.0891549231,303.461317898,0.0307616681685
1953000,-36.2938159387,342.219620725,0.0307616681685
1954000,-45.4501457763,334.274444014,0.0307616681685
1955000,-60.1373067582,283.24181649,0.0307616681685
1956000,-41.8381800869,391.504247835,0.0307616681685
1957000,-59.9618294558,338.904894517,0.0307616681685
1958000,-59.4218143425,275.994063904,0.0307616681685
1959000,-70.3475168997,371.708864256,0.0307616681685
1960000,-66.9207367598,264.099144258,0.0307616681685
1961000,-52.4899962811,247.443799023,0.0307616681685
1962000,-85.5716211726,411.691553852,0.0307616681685
1963000,-67.9050100361,316.039330619,0.0307616681685
1964000,-57.5582260595,287.276522483,0.0307616681685
1965000,-48.4067627877,282.263619396,0.0307616681685
1966000,-60.3125426791,263.676255015,0.0307616681685
1967000,-69.6897968635,294.816942176,0.0307616681685
1968000,-70.6186247919,267.434510446,0.0307616681685
1969000,-65.2742336367,279.821568105,0.0307616681685
1970000,-69.5344006459,342.517725961,0.0307616681685
1971000,-90.4015017176,348.283602185,0.0307616681685
1972000,-44.0307763132,206.412778107,0.0307616681685
1973000,-73.6055962821,291.57898972,0.0307616681685
1974000,-62.8229091428,222.320752849,0.0307616681685
1975000,-56.1945917988,327.878818701,0.0307616681685
1976000,-34.0892519614,339.534663409,0.0307616681685
1977000,-64.2726556652,431.741046026,0.0307616681685
1978000,-36.589892282,283.544125526,0.0307616681685
1979000,-46.5147335927,402.997833928,0.0307616681685
1980000,-36.5762771371,336.484543352,0.0307616681685
1981000,6.51838880753,283.795685012,0.0307616681685
1982000,-47.4043390058,393.715414589,0.0307616681685
1983000,-65.93028898,410.228992218,0.0307616681685
1984000,-33.2245040556,453.353755093,0.0307616681685
1985000,-24.7833887823,529.06974522,0.0307616681685
1986000,-36.1622012694,338.945138496,0.0307616681685
1987000,-29.4729074902,285.069823582,0.0307616681685
1988000,-57.3074280217,365.508029712,0.0307616681685
1989000,-75.6901304445,266.123598771,0.0307616681685
1990000,-63.2200228038,277.586624229,0.0307616681685
1991000,-58.2608994395,299.379910613,0.0307616681685
1992000,-42.7041261247,292.97110032,0.0307616681685
1993000,-42.0084441505,322.696130005,0.0307616681685
1994000,-54.3897555189,344.376618671,0.0307616681685
1995000,-61.962783288,282.507905121,0.0307616681685
1996000,-62.5039034446,263.329447155,0.0307616681685
1997000,-85.1238103341,291.151389891,0.0307616681685
1998000,-87.1360364964,294.180822044,0.0307616681685
1999000,-94.6015622193,222.134463782,0.0307616681685
2000000,-46.8468806061,261.489907153,0.0307616681685
2001000,-81.533213139,259.218731954,0.0307616681685
2002000,-76.4256176368,357.903693918,0.0307616681685
2003000,-56.6367356901,265.432318919,0.0307616681685
2004000,-85.5633448665,385.830803463,0.0307616681685
2005000,-49.9433907956,361.999088081,0.0307616681685
2006000,-59.8624524633,291.841178317,0.0307616681685
2007000,-66.6284316494,303.271255968,0.0307616681685
2008000,-73.9892778787,329.62559077,0.0307616681685
2009000,-41.4478276124,265.199661374,0.0307616681685
2010000,-45.133743656,217.276845287,0.0307616681685
2011000,-81.3941224561,289.165257263,0.0307616681685
2012000,-69.5150614613,286.112026937,0.0307616681685
2013000,-77.352515162,269.288059919,0.0307616681685
2014000,-61.9667153668,308.745463678,0.0307616681685
2015000,-48.1393002959,380.435009471,0.0307616681685
2016000,-35.2869518767,344.159939107,0.0307616681685
2017000,-14.5516686493,398.012442293,0.0307616681685
2018000,-59.9876544638,394.76818732,0.0307616681685
2019000,-42.4367681168,247.33465064,0.0307616681685
2020000,-32.6896741867,289.87265262,0.0307616681685
2021000,-38.9979969978,288.933661962,0.0307616681685
2022000,-11.1654071838,299.653495391,0.0307616681685
2023000,-38.8421321216,402.59566871,0.0307616681685
2024000,-37.1516461586,315.751998571,0.0307616681685
2025000,-42.062291457,314.825317236,0.0307616681685
2026000,-59.5753153642,341.239400797,0.0307616681685
2027000,-71.7649382742,328.255721221,0.0307616681685
2028000,-76.8889425695,372.17978917,0.0307616681685
2029000,-55.0290115794,273.296763007,0.0307616681685
2030000,-42.3386319885,336.841504158,0.0307616681685
2031000,-30.8938029109,342.743586615,0.0307616681685
2032000,-61.7354046495,275.296959018,0.0307616681685
2033000,-48.0749282327,226.013227335,0.0307616681685
2034000,-67.1701095025,242.37473973,0.0307616681685
2035000,-70.867180279,258.785381241,0.0307616681685
2036000,-51.1277288939,312.322142409,0.0307616681685
2037000,-54.3858716254,233.749575828,0.0307616681685
2038000,-64.6088735532,377.634673098,0.0307616681685
2039000,-55.0398739022,361.5456239,0.0307616681685
2040000,-44.1941311613,313.768808684,0.0307616681685
2041000,-73.8890233125,379.444392107,0.0307616681685
2042000,-49.4897591457,352.94395336,0.0307616681685
2043000,-51.134750111,390.867957366,0.0307616681685
2044000,-44.1100259595,309.783075966,0.0307616681685
2045000,-51.366097676,319.381895334,0.0307616681685
2046000,-55.3387778277,306.855558606,0.0307616681685
2047000,-35.2316639628,269.339518106,0.0307616681685
2048000,-63.2989423427,310.872576924,0.0307616681685
2049000,-46.6959491677,350.746279607,0.0307616681685
2050000,-60.196036635,266.384782733,0.0307616681685
2051000,-77.7930212032,325.296660185,0.0307616681685
2052000,-68.9559383712,268.482540264,0.0307616681685
2053000,-79.3264139572,291.068585084,0.0307616681685
2054000,-52.8644727254,316.015452402,0.0307616681685
2055000,-69.4703932078,291.366969964,0.0307616681685
2056000,-71.5284402704,297.683305005,0.0307616681685
2057000,-42.2240798222,258.568558972,0.0307616681685
2058000,-39.5578400111,272.887339463,0.0307616681685
2059000,-53.4518642067,315.033835411,0.0307616681685
2060000,-63.0717118771,264.431687525,0.0307616681685
2061000,-48.4070759272,311.55727307,0.0307616681685
2062000,-81.1390718669,346.13249429,0.0307616681685
2063000,-56.8673315511,288.972094209,0.0307616681685
2064000,-52.9221051887,288.59300416,0.0307616681685
2065000,-52.013835431,266.23205594,0.0307616681685
2066000,-77.1286309699,282.17403369,0.0307616681685
2067000,-84.5223676727,279.665588006,0.0307616681685
2068000,-89.1443332877,295.98035921,0.0307616681685
2069000,-72.6110463781,245.68765485,0.0307616681685
2070000,-67.9651831336,304.741962527,0.0307616681685
2071000,-70.21064263,265.553546647,0.0307616681685
2072000,-51.5994225289,276.488942062,0.0307616681685
2073000,-39.3435326659,267.386228934,0.0307616681685
2074000,-57.6829175239,256.774679357,0.0307616681685
2075000,-64.0268812039,386.42160444,0.0307616681685
2076000,-22.247365944,263.333523016,0.0307616681685
2077000,-22.1892511451,327.611530128,0.0307616681685
2078000,-36.2350162148,401.066170396,0.0307616681685
2079000,-35.9012326709,310.704030282,0.0307616681685
2080000,-30.764190102,398.218343323,0.0307616681685
2081000,-35.0306139811,319.236626928,0.0307616681685
2082000,-8.92946282074,299.744064905,0.0307616681685
2083000,-32.1795679993,335.625037157,0.0307616681685
2084000,-49.7774165099,428.397077358,0.0307616681685
2085000,-19.4637187379,212.60747972,0.0307616681685
2086000,-40.9436505618,265.883858701,0.0307616681685
2087000,-49.4160431097,295.360236807,0.0307616681685
2088000,-62.5064758402,313.064434418,0.0307616681685
2089000,-28.5967153391,292.342357313,0.0307616681685
2090000,-48.5625585689,251.338246373,0.0307616681685
2091000,-72.9947870789,314.89420664,0.0307616681685
2092000,-56.1467476178,264.274372245,0.0307616681685
2093000,-54.4673989297,414.377192373,0.0307616681685
2094000,-55.6714427615,313.53204782,0.0307616681685
2095000,-44.3340542002,331.381257577,0.0307616681685
2096000,-28.9174029987,322.387308956,0.0307616681685
2097000,-67.5229592427,421.891240891,0.0307616681685
2098000,-67.3339656768,303.683477642,0.0307616681685
2099000,-84.4325767614,321.099579023,0.0307616681685
2100000,-55.4026556978,299.650157976,0.0307616681685
2101000,-73.2119588591,273.114734456,0.0307616681685
2102000,-61.5199758854,336.644023374,0.0307616681685
2103000,-33.4663208087,393.620045173,0.0307616681685
2104000,-41.7048277261,362.370840322,0.0307616681685
2105000,-74.0154464579,340.279050915,0.0307616681685
2106000,-75.5844163878,341.119588433,0.0307616681685
2107000,-71.1905978461,276.883890952,0.0307616681685
2108000,-68.8195200467,428.653172934,0.0307616681685
2109000,-55.1334788062,349.576177291,0.0307616681685
2110000,-38.9301963393,301.746608244,0.0307616681685
2111000,-63.7592712842,240.5254722,0.0307616681685
2112000,-41.6118212193,232.15750845,0.0307616681685
2113000,-58.5763164666,311.431251864,0.0307616681685
2114000,-88.7318189209,318.987519117,0.0307616681685
2115000,-71.1703583206,286.828942183,0.0307616681685
2116000,-69.4069048669,279.432892685,0.0307616681685
2117000,-65.8807062502,358.011296948,0.0307616681685
2118000,-50.6379757442,333.559625206,0.0307616681685
2119000,-62.1911787185,344.738169461,0.0307616681685
2120000,-49.0015714708,241.772385793,0.0307616681685
2121000,-47.1042519274,327.158604605,0.0307616681685
2122000,-12.8853617345,347.843881594,0.0307616681685
2123000,-34.2266034563,332.405312755,0.0307616681685
2124000,-20.4506296287,386.349615731,0.0307616681685
2125000,-35.8257612268,242.540916233,0.0307616681685
2126000,-41.0688676638,288.058980699,0.0307616681685
2127000,-62.7909216425,392.290076135,0.0307616681685
2128000,-37.253337114,215.92613165,0.0307616681685
2129000,-72.2128322958,230.253027494,0.0307616681685
2130000,-72.1408442703,197.769970761,0.0307616681685
2131000,-54.1754193348,314.32868262,0.0307616681685
2132000,-63.0520344647,318.760834401,0.0307616681685
2133000,-51.0193402875,189.855341322,0.0307616681685
2134000,-70.1083075222,204.031165827,0.0307616681685
2135000,-82.2171246481,279.97848054,0.0307616681685
2136000,-79.2671318566,256.933562422,0.0307616681685
2137000,-59.3629321231,299.72948724,0.0307616681685
2138000,-58.4608581141,280.963429127,0.0307616681685
2139000,-68.711037639,330.670039301,0.0307616681685
2140000,-50.9632275039,282.112054276,0.0307616681685
2141000,-73.0668295548,357.830689539,0.0307616681685
2142000,-73.6638822316,318.015920663,0.0307616681685
2143000,-42.1633949341,324.486579413,0.0307616681685
2144000,-12.7923304788,218.62992214,0.0307616681685
2145000,-54.0766217992,330.312145301,0.0307616681685
2146000,-51.7135597307,313.411597473,0.0307616681685
2147000,-63.3595875106,326.950416291,0.0307616681685
2148000,-44.300097679,304.470183603,0.0307616681685
2149000,-56.7241534287,355.984739076,0.0307616681685
2150000,-61.4369709967,317.45807797,0.0307616681685
2151000,-57.2979287369,348.334631655,0.0307616681685
2152000,-24.4221448973,300.2203312,0.0307616681685
2153000,-25.9218191796,339.632202253,0.0307616681685
2154000,-42.77391592,331.503761945,0.0307616681685
2155000,-44.4596146791,219.816693508,0.0307616681685
2156000,-46.8332283715,281.296263962,0.0307616681685
2157000,-76.0975196801,297.992010425,0.0307616681685
2158000,-52.4950180424,254.676098551,0.0307616681685
2159000,-43.4753072105,275.014370376,0.0307616681685
2160000,-61.8438898774,224.798485119,0.0307616681685
2161000,-67.237608975,231.646258195,0.0307616681685
2162000,-45.8948066225,225.711027267,0.0307616681685
2163000,-45.5523178483,245.781446747,0.0307616681685
2164000,-51.7828873897,307.557468598,0.0307616681685
2165000,-51.7548656517,365.206112588,0.0307616681685
2166000,-53.4721007475,408.219721291,0.0307616681685
2167000,-36.645197271,269.993313419,0.0307616681685
2168000,-37.1419481789,249.650286555,0.0307616681685
2169000,-70.9377641956,220.410844089,0.0307616681685
2170000,-82.6915358449,286.451010287,0.0307616681685
2171000,-91.2008687305,273.9409158,0.0307616681685
2172000,-41.9841578173,307.237971707,0.0307616681685
2173000,-55.5694820404,330.33933159,0.0307616681685
2174000,-34.2594832203,332.461450319,0.0307616681685
2175000,-22.8712877355,306.530315965,0.0307616681685
2176000,-42.6926079338,295.883771848,0.0307616681685
2177000,-47.3024441091,272.942064697,0.0307616681685
2178000,-41.1325637366,340.083174115,0.0307616681685
2179000,-54.5692693711,338.002141424,0.0307616681685
2180000,-61.1159810601,324.051838503,0.0307616681685
2181000,-70.1948919863,340.033055851,0.0307616681685
2182000,-76.9332614488,305.859242288,0.0307616681685
2183000,-83.0746083402,266.743959405,0.0307616681685
2184000,-65.7664623209,205.398662328,0.0307616681685
2185000,-62.1170463673,206.445813725,0.0307616681685
2186000,-65.2970494147,289.550690813,0.0307616681685
2187000,-54.0094720965,221.879922942,0.0307616681685
2188000,-63.0083742501,230.513112826,0.0307616681685
2189000,-4.23453647775,266.232595426,0.0307616681685
2190000,-61.4674516209,371.3797939,0.0307616681685
2191000,-49.3602364282,331.538748159,0.0307616681685
2192000,-70.050819975,390.931031367,0.0307616681685
2193000,-69.0061866082,327.593346462,0.0307616681685
2194000,-53.6593266414,324.898370782,0.0307616681685
2195000,-44.2917017809,377.975601402,0.0307616681685
2196000,-44.8350012894,323.191474564,0.0307616681685
2197000,-75.3627235367,241.408682814,0.0307616681685
2198000,-86.9251115058,273.881321786,0.0307616681685
2199000,-82.5364634541,322.42460745,0.0307616681685
2200000,-73.5770674113,316.694135788,0.0307616681685
2201000,-68.4962454676,258.134070354,0.0307616681685
2202000,-79.86408139,298.809392547,0.0307616681685
2203000,-48.3957860157,288.715756497,0.0307616681685
2204000,-92.704140589,270.458394319,0.0307616681685
2205000,-61.7301039217,209.124737731,0.0307616681685
2206000,-93.441645501,315.772752985,0.0307616681685
2207000,-65.6536924145,375.742199718,0.0307616681685
2208000,-38.6646372652,225.996962823,0.0307616681685
2209000,-86.4487167369,324.828403657,0.0307616681685
2210000,-63.9903838604,250.181134645,0.0307616681685
2211000,-68.6043687805,298.338121454,0.0307616681685
2212000,-46.5607334317,354.266089775,0.0307616681685
2213000,-49.3050563453,353.901133254,0.0307616681685
2214000,-25.4404438096,251.829516185,0.0307616681685
2215000,-54.0434600753,275.373074181,0.0307616681685
2216000,-56.3444855925,330.712002801,0.0307616681685
2217000,-41.0420109052,322.737783451,0.0307616681685
2218000,-39.5298043264,334.786834969,0.0307616681685
2219000,-61.6503805979,297.380967091,0.0307616681685
2220000,-89.1721712283,229.443542116,0.0307616681685
2221000,-91.0397794337,225.73589091,0.0307616681685
2222000,-56.5231220603,225.989224507,0.0307616681685
2223000,-73.3393513916,393.794675432,0.0307616681685
2224000,-63.468625188,252.397465527,0.0307616681685
2225000,-66.1985792203,247.540418569,0.0307616681685
2226000,-68.1021395315,339.274320221,0.0307616681685
2227000,-85.7215091373,316.656960208,0.0307616681685
2228000,-14.190577951,327.728268752,0.0307616681685
2229000,-33.7915548155,372.387130341,0.0307616681685
2230000,-54.3290679005,368.825623939,0.0307616681685
2231000,-35.0777405024,384.22353416,0.0307616681685
2232000,-33.4374774231,315.755450166,0.0307616681685
2233000,-40.7586653825,368.592740891,0.0307616681685
2234000,-60.6231794233,293.061849705,0.0307616681685
2235000,-33.2799992157,423.911583468,0.0307616681685
2236000,-39.680127516,294.046357188,0.0307616681685
2237000,-64.360490062,337.845412685,0.0307616681685
2238000,-63.0128247798,296.008647846,0.0307616681685
2239000,-41.9224468591,287.012729387,0.0307616681685
2240000,-56.1077179924,267.276445878,0.0307616681685
2241000,-70.8925177158,334.576532225,0.0307616681685
2242000,-54.3619218997,354.37391532,0.0307616681685
2243000,-44.7077752154,219.571524706,0.0307616681685
2244000,-66.6167271546,336.095149043,0.0307616681685
2245000,-72.7727472468,347.072860281,0.0307616681685
2246000,-42.9785239985,280.792944407,0.0307616681685
2247000,-39.6957528221,204.340195757,0.0307616681685
2248000,-46.1830111198,364.885225537,0.0307616681685
2249000,-86.1639806,443.393959966,0.0307616681685
2250000,-57.2326835558,393.030515973,0.0307616681685
2251000,-63.4983920463,285.579317495,0.0307616681685
2252000,-57.4368958008,330.143840791,0.0307616681685
2253000,-71.9501260154,351.277792792,0.0307616681685
2254000,-76.1325738595,297.485485043,0.0307616681685
2255000,-78.5906791173,351.3494247,0.0307616681685
2256000,-47.9396775212,293.847635099,0.0307616681685
2257000,-68.7700154838,261.917582325,0.0307616681685
2258000,-59.1644129991,315.364675111,0.0307616681685
2259000,-67.5893685842,314.644821337,0.0307616681685
2260000,-57.3795281048,345.977478777,0.0307616681685
2261000,-59.5855315645,326.723098897,0.0307616681685
2262000,-81.1140798815,278.796835484,0.0307616681685
2263000,-90.9718714794,231.656907688,0.0307616681685
2264000,-70.4207957737,296.344374027,0.0307616681685
2265000,-71.4093945131,294.177352782,0.0307616681685
2266000,-56.8790697233,310.470071251,0.0307616681685
2267000,-67.6113087123,313.792990545,0.0307616681685
2268000,-47.6649394865,236.708025035,0.0307616681685
2269000,-59.9793078684,348.567841892,0.0307616681685
2270000,-53.9920950789,334.053685113,0.0307616681685
2271000,-46.3245434211,265.896386616,0.0307616681685
2272000,-72.6689452735,261.586999218,0.0307616681685
2273000,-67.2741689076,341.526256701,0.0307616681685
2274000,-38.3749279384,290.155800811,0.0307616681685
2275000,-67.6937649143,265.652256198,0.0307616681685
2276000,-54.634333619,234.498152532,0.0307616681685
2277000,-83.2458983523,326.096764857,0.0307616681685
2278000,-80.5979262954,308.475171769,0.0307616681685
2279000,-77.2900463044,264.48473942,0.0307616681685
2280000,-51.8614367037,225.463073564,0.0307616681685
2281000,-85.7542567679,298.966135423,0.0307616681685
2282000,-77.3595423594,285.099696931,0.0307616681685
2283000,-54.383520323,355.69955011,0.0307616681685
2284000,-53.9021005517,311.514559708,0.0307616681685
2285000,-71.6854589153,272.993703384,0.0307616681685
2286000,-71.6295362073,301.965241068,0.0307616681685
2287000,-82.511198383,354.868793344,0.0307616681685
2288000,-41.3746423579,311.432429852,0.0307616681685
2289000,-52.3914656349,329.962230188,0.0307616681685
2290000,-49.1643727877,360.06797874,0.0307616681685
2291000,-52.9824114417,329.659744497,0.0307616681685
2292000,-50.7064913028,462.315957577,0.0307616681685
2293000,-55.2706702854,275.026009018,0.0307616681685
2294000,-51.8050191353,314.58957521,0.0307616681685
2295000,-44.6155886925,292.640582681,0.0307616681685
2296000,-46.0728416279,357.285918006,0.0307616681685
2297000,-67.5937773044,396.714428587,0.0307616681685
2298000,-34.2833356871,340.383786753,0.0307616681685
2299000,-46.8870109966,394.894373837,0.0307616681685
2300000,-43.735191144,319.49873465,0.0307616681685
2301000,-46.9358709451,237.738432841,0.0307616681685
2302000,-81.6495248812,314.994677406,0.0307616681685
2303000,-82.0716594325,193.152513837,0.0307616681685
2304000,-61.9665268031,246.884747198,0.0307616681685
2305000,-49.8837920244,290.551758101,0.0307616681685
2306000,-62.3654846967,401.230219112,0.0307616681685
2307000,-76.1820132206,256.882217561,0.0307616681685
2308000,-59.6803062758,290.436381983,0.0307616681685
2309000,-96.6131125148,343.973713484,0.0307616681685
2310000,-81.1840300594,294.72804161,0.0307616681685
2311000,-71.5603406865,299.242386427,0.0307616681685
2312000,-33.4195774724,255.623436892,0.0307616681685
2313000,-70.5117190493,331.165095088,0.0307616681685
2314000,-51.9283986756,239.416698423,0.0307616681685
2315000,-71.8808996541,428.729412606,0.0307616681685
2316000,-60.2673830215,344.874615297,0.0307616681685
2317000,-50.0367357034,330.135374143,0.0307616681685
2318000,-42.6906504256,325.454972209,0.0307616681685
2319000,-32.2359846872,280.318175023,0.0307616681685
2320000,-58.6276610015,289.405813261,0.0307616681685
2321000,-37.3137850356,320.886156588,0.0307616681685
2322000,-55.7841450026,333.313677509,0.0307616681685
2323000,-63.9426154504,254.66824295,0.0307616681685
2324000,-80.9027330297,320.451730564,0.0307616681685
2325000,-57.4016430971,350.973207443,0.0307616681685
2326000,-43.6661563923,290.938706502,0.0307616681685
2327000,-32.6338906975,376.643402138,0.0307616681685
2328000,-44.9554141798,300.989102741,0.0307616681685
2329000,-35.5355122851,314.575980353,0.0307616681685
2330000,-63.1457817758,299.96931212,0.0307616681685
2331000,-74.5204394296,296.773732,0.0307616681685
2332000,-46.6021475007,309.563005599,0.0307616681685
2333000,-55.8309328309,282.620792167,0.0307616681685
2334000,-49.6798109894,303.157216019,0.0307616681685
2335000,-60.853751381,374.089236137,0.0307616681685
2336000,-57.1786555337,423.152452899,0.0307616681685
2337000,-70.4198688404,407.366514901,0.0307616681685
2338000,-74.1555789318,375.621723253,0.0307616681685
2339000,-70.6496560522,297.083819555,0.0307616681685
2340000,-65.9390386429,260.066428784,0.0307616681685
2341000,-63.1332232785,283.055649507,0.0307616681685
2342000,-71.4646635194,262.195779797,0.0307616681685
2343000,-70.0953083332,220.504026113,0.0307616681685
2344000,-58.117708609,213.534796132,0.0307616681685
2345000,-54.18776871,322.239943941,0.0307616681685
2346000,-71.6708865524,297.222699902,0.0307616681685
2347000,-47.6227792133,286.043986807,0.0307616681685
2348000,-50.236618752,248.327098053,0.0307616681685
2349000,-44.1756800148,236.03188066,0.0307616681685
2350000,-65.4243023888,290.633046292,0.0307616681685
2351000,-78.7252911039,317.156233322,0.0307616681685
2352000,-51.7577979324,281.185089879,0.0307616681685
2353000,-86.7242589119,292.085436232,0.0307616681685
2354000,-73.1169666707,198.357090507,0.0307616681685
2355000,-70.6470649195,233.324248889,0.0307616681685
2356000,-49.9074059479,194.051203136,0.0307616681685
2357000,-58.7399215556,314.887727742,0.0307616681685
2358000,-72.1015863823,359.453378103,0.0307616681685
2359000,-69.7061123583,289.753731279,0.0307616681685
2360000,-70.1645174752,284.00131513,0.0307616681685
2361000,-33.2948147626,334.138178442,0.0307616681685
2362000,-59.6713790425,319.545192896,0.0307616681685
2363000,-53.8585423147,278.160103254,0.0307616681685
2364000,-56.2096454552,340.896800487,0.0307616681685
2365000,-63.7694491382,283.568158546,0.0307616681685
2366000,-54.4012518061,237.737514295,0.0307616681685
2367000,-77.5252595838,247.791824143,0.0307616681685
2368000,-48.4788978611,267.722580182,0.0307616681685
2369000,-34.5619515691,288.122745666,0.0307616681685
2370000,-57.4510234407,221.669571076,0.0307616681685
2371000,-48.9312209296,365.354174417,0.0307616681685
2372000,-39.8681487492,321.567140205,0.0307616681685
2373000,-13.3416345747,288.35678998,0.0307616681685
2374000,-32.2671187993,392.25639002,0.0307616681685
2375000,-25.942708816,332.458903695,0.0307616681685
2376000,-58.6917636725,277.515769736,0.0307616681685
2377000,-63.8996286359,334.126550303,0.0307616681685
2378000,-79.5910209403,357.538685107,0.0307616681685
2379000,-63.5773273068,340.325397709,0.0307616681685
2380000,-61.6469443071,418.737641728,0.0307616681685
2381000,-23.3241777378,279.004481561,0.0307616681685
2382000,-27.6508978685,320.242284686,0.0307616681685
2383000,-50.7899015779,306.598520251,0.0307616681685
2384000,-40.964067856,327.120751798,0.0307616681685
2385000,-42.6609311123,366.864750043,0.0307616681685
2386000,-6.36127690257,341.429047879,0.0307616681685
2387000,-32.1815752467,325.012485601,0.0307616681685
2388000,-39.9549296558,318.698503912,0.0307616681685
2389000,-23.9394404507,294.986654273,0.0307616681685
2390000,-51.8780111441,363.48361019,0.0307616681685
2391000,-65.329505922,279.163279933,0.0307616681685
2392000,-57.6544831515,258.065390077,0.0307616681685
2393000,-66.7153762987,327.849859436,0.0307616681685
2394000,-73.4983322155,285.471870254,0.0307616681685
2395000,-64.5554347244,256.363009997,0.0307616681685
2396000,-86.9594410154,440.075938369,0.0307616681685
2397000,-82.6731676038,304.362886701,0.0307616681685
2398000,-71.6799155492,260.253520774,0.0307616681685
2399000,-63.6319663721,327.888845489,0.0307616681685
2400000,-73.1138331432,214.841764674,0.0307616681685
2401000,-58.0303886899,292.158126393,0.0307616681685
2402000,-61.2140766591,299.807587327,0.0307616681685
2403000,-73.2997051152,301.442427631,0.0307616681685
2404000,-35.71283817,280.099978272,0.0307616681685
2405000,-41.5785642267,327.054982134,0.0307616681685
2406000,-54.0175491112,333.620773646,0.0307616681685
2407000,-56.0465798154,232.055549235,0.0307616681685
2408000,-59.0080638981,319.381032127,0.0307616681685
2409000,-59.3016031103,402.770970892,0.0307616681685
2410000,-45.6546672843,317.935077674,0.0307616681685
2411000,-60.5390913987,295.075932052,0.0307616681685
2412000,-84.918309305,300.94914189,0.0307616681685
2413000,-74.1156873821,243.364321731,0.0307616681685
2414000,-52.7379728474,228.466215643,0.0307616681685
2415000,-69.0860609205,311.150115197,0.0307616681685
2416000,-73.7872375629,317.12362488,0.0307616681685
2417000,-47.4360862631,287.323426739,0.0307616681685
2418000,-63.2764927933,324.629275967,0.0307616681685
2419000,-48.2608014791,253.869512772,0.0307616681685
2420000,-48.6940000896,164.283445997,0.0307616681685
2421000,-53.4787110704,204.405405046,0.0307616681685
2422000,-79.8112822495,241.267955298,0.0307616681685
2423000,-69.8318383254,240.211919289,0.0307616681685
2424000,-68.3221532149,266.226158512,0.0307616681685
2425000,-47.8011222977,265.072818454,0.0307616681685
2426000,-42.0466667213,340.950315539,0.0307616681685
2427000,-55.4303834593,328.662396769,0.0307616681685
2428000,-39.2486396415,381.728918262,0.0307616681685
2429000,-10.6300614876,337.944736018,0.0307616681685
2430000,-40.9308301654,290.648001011,0.0307616681685
2431000,-66.2961065242,365.688238177,0.0307616681685
2432000,-44.3910810076,356.411061079,0.0307616681685
2433000,-34.5513493331,300.867542393,0.0307616681685
2434000,-55.1861886144,311.894511629,0.0307616681685
2435000,-70.8638335223,281.162493387,0.0307616681685
2436000,-57.4226728596,230.367374491,0.0307616681685
2437000,-51.4848141795,211.823601348,0.0307616681685
2438000,-75.5298252046,254.914126458,0.0307616681685
2439000,-63.1942183457,311.304451168,0.0307616681685
2440000,-77.2279610845,228.484541379,0.0307616681685
2441000,-45.0156456762,379.810626918,0.0307616681685
2442000,-27.7175238352,371.52127379,0.0307616681685
2443000,-61.1041068065,345.238027966,0.0307616681685
2444000,-65.1627447984,294.384960451,0.0307616681685
2445000,-75.2907691571,320.656141431,0.0307616681685
2446000,-44.5803100739,304.321591909,0.0307616681685
2447000,-69.0597586785,370.202065409,0.0307616681685
2448000,-70.7922153231,310.096510523,0.0307616681685
2449000,-66.6908913169,269.875692463,0.0307616681685
2450000,-72.9425868035,357.901117272,0.0307616681685
2451000,-60.2159516532,315.078830456,0.0307616681685
2452000,-52.0277385876,248.056727932,0.0307616681685
2453000,-43.4577688669,293.750108626,0.0307616681685
2454000,-51.8815454568,292.582385568,0.0307616681685
2455000,-66.0079245442,339.286506065,0.0307616681685
2456000,-47.2096559982,277.067155261,0.0307616681685
2457000,-55.0280814001,314.944281961,0.0307616681685
2458000,-58.7887262653,264.297646997,0.0307616681685
2459000,-48.4883464378,243.093949768,0.0307616681685
2460000,-75.7585062489,274.256054077,0.0307616681685
2461000,-79.5191204292,361.29064229,0.0307616681685
2462000,-52.581904591,299.71683504,0.0307616681685
2463000,-74.1586520951,299.106312887,0.0307616681685
2464000,-49.8439065712,241.650378716,0.0307616681685
2465000,-74.9442385424,368.447395747,0.0307616681685
2466000,-59.9096174736,260.921449375,0.0307616681685
2467000,-65.1407755365,313.423609971,0.0307616681685
2468000,-38.6965087232,352.069147276,0.0307616681685
2469000,-58.5934219284,308.200915419,0.0307616681685
2470000,-36.7308908785,348.744072965,0.0307616681685
2471000,-44.5376307805,298.992529758,0.0307616681685
2472000,-74.5301845186,373.941870226,0.0307616681685
2473000,-56.6531211602,371.703551769,0.0307616681685
2474000,-37.5860430365,244.044755371,0.0307616681685
2475000,-69.9808179504,292.22218393,0.0307616681685
2476000,-62.0600127669,339.615752073,0.0307616681685
2477000,-41.8326324705,239.083893996,0.0307616681685
2478000,-28.4789743048,237.099790268,0.0307616681685
2479000,-72.12652395,269.058330436,0.0307616681685
2480000,-76.0847339434,274.007397049,0.0307616681685
2481000,-40.4731073378,200.473827093,0.0307616681685
2482000,-64.4041709192,241.788562766,0.0307616681685
2483000,-56.1488769995,226.152742357,0.0307616681685
2484000,-43.1744641897,236.023131306,0.0307616681685
2485000,-68.2193991011,347.222356217,0.0307616681685
2486000,-51.7860699669,281.83001432,0.0307616681685
2487000,-62.2377167508,283.230505474,0.0307616681685
2488000,-73.0982908478,245.105378054,0.0307616681685
2489000,-74.9349122651,365.53152979,0.0307616681685
2490000,-74.6702304686,280.369223013,0.0307616681685
2491000,-50.0167126074,263.699376946,0.0307616681685
2492000,-65.2460908111,374.742283088,0.0307616681685
2493000,-41.5933546294,325.407888065,0.0307616681685
2494000,-63.4418666862,388.550681616,0.0307616681685
2495000,-36.0510077857,260.967460513,0.0307616681685
2496000,-79.8578810605,430.97180181,0.0307616681685
2497000,-65.9228691238,233.547635672,0.0307616681685
2498000,-86.1553952719,290.171936291,0.0307616681685
2499000,-40.2958871712,221.740349707,0.0307616681685
2500000,-7.98252757666,238.134609378,0.0307616681685
2501000,-53.1718822904,230.913836787,0.0307616681685
2502000,-73.5835026121,375.78387014,0.0307616681685
2503000,-65.0715708246,265.139621538,0.0307616681685
2504000,-74.7528908904,326.692007891,0.0307616681685
2505000,-58.8876667323,236.332765541,0.0307616681685
2506000,-81.8912792665,290.893474231,0.0307616681685
2507000,-72.0664399584,248.616538504,0.0307616681685
2508000,-52.0651641603,246.991839279,0.0307616681685
2509000,-33.3519677732,228.30775206,0.0307616681685
2510000,-29.3108447838,248.412298001,0.0307616681685
2511000,-37.6154702413,257.076408931,0.0307616681685
2512000,-25.0106173644,276.418024069,0.0307616681685
2513000,-47.8090383755,334.274685129,0.0307616681685
2514000,-74.6524755975,237.098066086,0.0307616681685
2515000,-72.3788750492,250.264449436,0.0307616681685
2516000,-44.2364647502,314.979266198,0.0307616681685
2517000,-67.1521900552,350.690988292,0.0307616681685
2518000,-79.1548351784,238.011700371,0.0307616681685
2519000,-72.9740139302,245.24061711,0.0307616681685
2520000,-81.7159803542,271.136928091,0.0307616681685
2521000,-63.3554862828,240.947498124,0.0307616681685
2522000,-66.2383804125,213.35931318,0.0307616681685
2523000,-85.68122937,275.324655479,0.0307616681685
2524000,-55.4043434646,215.512398387,0.0307616681685
2525000,-63.7340090803,370.191851354,0.0307616681685
2526000,-60.0711306256,373.667980086,0.0307616681685
2527000,-24.1009085415,368.184012698,0.0307616681685
2528000,-27.2021147211,359.023570684,0.0307616681685
2529000,-43.4956891727,366.158006729,0.0307616681685
2530000,-34.3655030939,302.558802593,0.0307616681685
2531000,-72.0450054302,344.182805923,0.0307616681685
2532000,-60.28424899,248.73138693,0.0307616681685
2533000,-64.5451378533,312.327958862,0.0307616681685
2534000,-38.6136719785,339.697575894,0.0307616681685
2535000,-46.4271890932,231.78049803,0.0307616681685
2536000,-42.9607470789,320.216629623,0.0307616681685
2537000,-45.138558613,317.502862789,0.0307616681685
2538000,-56.0963335848,300.882763917,0.0307616681685
2539000,-56.5776655951,327.573645215,0.0307616681685
2540000,-39.2435483687,288.728883646,0.0307616681685
2541000,-42.3798285942,299.183629172,0.0307616681685
2542000,-76.8571701454,332.191518506,0.0307616681685
2543000,-66.2963816767,356.466079862,0.0307616681685
2544000,-85.1028642595,293.256285991,0.0307616681685
2545000,-62.1207472555,254.754037376,0.0307616681685
2546000,-51.6672134678,244.392877715,0.0307616681685
2547000,-68.4573902432,383.771329568,0.0307616681685
2548000,-33.9728878632,290.687834754,0.0307616681685
2549000,-65.0580297608,347.811282494,0.0307616681685
2550000,-43.9923185476,237.914407955,0.0307616681685
2551000,-57.0095091027,417.309702169,0.0307616681685
2552000,-33.2433181164,355.181329575,0.0307616681685
2553000,-47.7317690016,346.216507363,0.0307616681685
2554000,-38.0250866651,274.592453799,0.0307616681685
2555000,-60.7787457806,358.211497599,0.0307616681685
2556000,-58.8599064923,291.394353328,0.0307616681685
2557000,-31.5714291328,291.527081428,0.0307616681685
2558000,-34.4246713289,234.552107806,0.0307616681685
2559000,-72.3927479423,351.32739922,0.0307616681685
2560000,-31.0584215779,239.850416146,0.0307616681685
2561000,-67.7240688535,354.346972102,0.0307616681685
2562000,-62.5657451545,282.341575895,0.0307616681685
2563000,-69.9298543251,287.581450457,0.0307616681685
2564000,-51.6691233846,271.943251803,0.0307616681685
2565000,-42.8741217267,329.903540004,0.0307616681685
2566000,-78.4672778447,365.347086642,0.0307616681685
2567000,-56.6128332156,282.617974032,0.0307616681685
2568000,-67.2548391064,314.071918802,0.0307616681685
2569000,-69.5698952581,314.900062931,0.0307616681685
2570000,-61.3190004409,257.903376202,0.0307616681685
2571000,-30.4223903589,192.765420935,0.0307616681685
2572000,-39.7725621911,251.27509128,0.0307616681685
2573000,-58.6631473801,345.206538875,0.0307616681685
2574000,-39.3967751483,311.079426939,0.0307616681685
2575000,-58.3713546006,299.355935944,0.0307616681685
2576000,-58.2563505737,274.359283374,0.0307616681685
2577000,-48.5256031942,339.460082871,0.0307616681685
2578000,-52.3352891813,322.232590266,0.0307616681685
2579000,-60.4731900125,304.718112341,0.0307616681685
2580000,-54.867134898,247.778164556,0.0307616681685
2581000,-84.6533684031,313.468734803,0.0307616681685
2582000,-69.1549330496,298.052478436,0.0307616681685
2583000,-57.6198782314,252.473867404,0.0307616681685
2584000,-80.1434978538,334.656726603,0.0307616681685
2585000,-84.2765853069,273.542855217,0.0307616681685
2586000,-77.0395228334,358.523285093,0.0307616681685
2587000,-59.92768466,267.385953345,0.0307616681685
2588000,-56.151867809,329.096871197,0.0307616681685
2589000,-44.6579440866,315.681734474,0.0307616681685
2590000,-32.7922935691,357.400715863,0.0307616681685
2591000,-36.3162530845,340.058896432,0.0307616681685
2592000,-49.2300802783,388.414157278,0.0307616681685
2593000,-69.1578789255,394.49456369,0.0307616681685
2594000,-35.0650966012,279.037476566,0.0307616681685
2595000,-54.4578294408,290.368910587,0.0307616681685
2596000,-78.1678623168,253.288900461,0.0307616681685
2597000,-71.4356552434,259.863678838,0.0307616681685
2598000,-42.8341769925,233.787797856,0.0307616681685
2599000,-53.3925012177,246.236662002,0.0307616681685
2600000,-68.1600078164,323.317813545,0.0307616681685
2601000,-21.7999268441,334.24310044,0.0307616681685
2602000,-86.1675857315,358.977677488,0.0307616681685
2603000,-64.2685043731,328.760656535,0.0307616681685
2604000,-57.0518765304,295.537751983,0.0307616681685
2605000,-33.2874584489,323.544889399,0.0307616681685
2606000,-70.5148650936,316.083199268,0.0307616681685
2607000,-40.6837163054,296.157554675,0.0307616681685
2608000,-36.6647762429,353.103800335,0.0307616681685
2609000,-33.3291797118,337.330359336,0.0307616681685
2610000,-87.7430277005,364.412309959,0.0307616681685
2611000,-57.4823304126,300.342039179,0.0307616681685
2612000,-60.7054952666,264.736191758,0.0307616681685
2613000,-64.9808863137,319.547672645,0.0307616681685
2614000,-58.4597418203,299.066270051,0.0307616681685
2615000,-70.3788882268,341.316174776,0.0307616681685
2616000,-60.4694809914,344.311704471,0.0307616681685
2617000,-57.1400550999,236.373156951,0.0307616681685
2618000,-90.406726262,207.222857855,0.0307616681685
2619000,-49.6785354248,321.339109897,0.0307616681685
2620000,-42.1035808766,306.446845591,0.0307616681685
2621000,-46.303497343,426.472977369,0.0307616681685
2622000,-53.1223640192,386.836536301,0.0307616681685
2623000,-41.7517525931,272.885803933,0.0307616681685
2624000,-48.6574387128,231.900915413,0.0307616681685
2625000,-63.4925496628,291.273118017,0.0307616681685
2626000,-82.0745787567,346.739846807,0.0307616681685
2627000,-42.7305441046,224.760008815,0.0307616681685
2628000,-65.91733881,327.488271749,0.0307616681685
2629000,-46.3344785687,257.863305231,0.0307616681685
2630000,-63.8012342316,289.861309207,0.0307616681685
2631000,-72.2079560723,235.562005135,0.0307616681685
2632000,-71.7014099851,345.029047967,0.0307616681685
2633000,-64.1072961426,369.640103314,0.0307616681685
2634000,-50.6318132189,218.06582255,0.0307616681685
2635000,-67.7575567281,267.857336138,0.0307616681685
2636000,-43.6710941603,268.968798803,0.0307616681685
2637000,-61.9845273549,278.928587496,0.0307616681685
2638000,-37.7318005656,266.14757124,0.0307616681685
2639000,-56.0975699581,265.689446451,0.0307616681685
2640000,-52.8796973376,367.41386119,0.0307616681685
2641000,-22.9226567779,327.691959464,0.0307616681685
2642000,-41.9558101747,307.896701014,0.0307616681685
2643000,-70.1975296244,357.180001591,0.0307616681685
2644000,-33.9789677025,256.489163173,0.0307616681685
2645000,-68.6423835665,338.862033501,0.0307616681685
2646000,-64.9977963627,314.98559885,0.0307616681685
2647000,-26.4331325811,187.173842114,0.0307616681685
2648000,-44.3060933724,270.226680735,0.0307616681685
2649000,-78.9456089817,250.009615418,0.0307616681685
2650000,-68.1466318045,260.159942963,0.0307616681685
2651000,-68.4578341427,357.065790093,0.0307616681685
2652000,-51.2702234255,448.875409084,0.0307616681685
2653000,-43.3820231325,366.209333511,0.0307616681685
2654000,-37.709842284,230.367758895,0.0307616681685
2655000,-66.0381582994,231.387845172,0.0307616681685
2656000,-72.9737654198,287.462930846,0.0307616681685
2657000,-75.6237984092,312.57629201,0.0307616681685
2658000,-51.8665696029,256.222194173,0.0307616681685
2659000,-53.4372149671,256.884521624,0.0307616681685
2660000,-76.4226695977,307.054909242,0.0307616681685
2661000,-71.6101177869,289.754653525,0.0307616681685
2662000,-65.8641105306,287.466523553,0.0307616681685
2663000,-26.3015594401,233.776901539,0.0307616681685
2664000,-37.5714652964,237.150228255,0.0307616681685
2665000,-59.1144105408,284.03199888,0.0307616681685
2666000,-21.7990544446,268.959259464,0.0307616681685
2667000,-59.9969190662,408.256918142,0.0307616681685
2668000,-75.1274596238,365.830271886,0.0307616681685
2669000,-56.7980305348,246.804363389,0.0307616681685
2670000,-67.3692042903,288.512355867,0.0307616681685
2671000,-41.0698767124,218.697811813,0.0307616681685
2672000,-80.3754088889,317.841611758,0.0307616681685
2673000,-90.6236234586,286.232152552,0.0307616681685
2674000,-99.0571481259,204.257602496,0.0307616681685
2675000,-100.604938472,205.689629665,0.0307616681685
2676000,-69.2644676256,199.05856812,0.0307616681685
2677000,-64.3212209199,310.471091039,0.0307616681685
2678000,-70.7806441961,428.982947552,0.0307616681685
2679000,-63.3351133923,344.648781017,0.0307616681685
2680000,-41.5530518053,311.832002866,0.0307616681685
2681000,-64.5115734716,357.694496296,0.0307616681685
2682000,-52.7496589237,337.19117899,0.0307616681685
2683000,-50.1968921054,340.002381845,0.0307616681685
2684000,-41.7451829429,338.70539431,0.0307616681685
2685000,-56.7109383108,339.94166494,0.0307616681685
2686000,-67.8729159976,307.771245349,0.0307616681685
2687000,-52.390874199,238.816012291,0.0307616681685
2688000,-60.1081353598,247.877356011,0.0307616681685
2689000,-35.8616965913,226.140928303,0.0307616681685
2690000,-25.9065290495,313.435767872,0.0307616681685
2691000,-24.2559287855,258.437018731,0.0307616681685
2692000,-49.712104983,226.306061743,0.0307616681685
2693000,-64.0039561326,221.812083151,0.0307616681685
2694000,-78.1344369301,304.689868786,0.0307616681685
2695000,-61.9648975641,228.89951748,0.0307616681685
2696000,-52.2334040573,264.260792145,0.0307616681685
2697000,-46.5382130232,194.443082264,0.0307616681685
2698000,-77.1834005526,308.481020118,0.0307616681685
2699000,-61.8617701411,318.718451418,0.0307616681685
2700000,-54.9428648885,297.818448359,0.0307616681685
2701000,-66.2771733331,325.133915992,0.0307616681685
2702000,-57.5793683649,236.673709026,0.0307616681685
2703000,-50.6261743038,271.367949177,0.0307616681685
2704000,-67.5521917009,362.122761228,0.0307616681685
2705000,-67.6441307215,249.62921298,0.0307616681685
2706000,-69.4643273239,317.90769012,0.0307616681685
2707000,-78.1824750054,366.545417455,0.0307616681685
2708000,-58.2555998172,368.747702721,0.0307616681685
2709000,-55.9312540953,295.825331754,0.0307616681685
2710000,-36.3635883229,270.252783189,0.0307616681685
2711000,-48.6755293819,292.90504843,0.0307616681685
2712000,-54.0838217532,272.924558633,0.0307616681685
2713000,-31.157648114,255.57729678,0.0307616681685
2714000,-55.624933962,283.888765135,0.0307616681685
2715000,-52.9091183133,255.836333059,0.0307616681685
2716000,-64.0217447282,223.965680632,0.0307616681685
2717000,-50.608337805,294.825268271,0.0307616681685
2718000,-50.1930105703,333.440183048,0.0307616681685
2719000,-67.7819442439,291.30028467,0.0307616681685
2720000,-76.0624737608,276.333379569,0.0307616681685
2721000,-64.4074851244,256.765102391,0.0307616681685
2722000,-70.3119457661,304.617589417,0.0307616681685
2723000,-63.9756707555,323.899890388,0.0307616681685
2724000,-67.9962611029,258.524259904,0.0307616681685
2725000,-52.4821016576,282.131350723,0.0307616681685
2726000,-66.6678139381,299.419540005,0.0307616681685
2727000,-91.9806816985,369.599385596,0.0307616681685
2728000,-75.6238352423,297.650980114,0.0307616681685
2729000,-52.3268989278,255.431734707,0.0307616681685
2730000,-60.5722350921,204.645221128,0.0307616681685
2731000,-86.1386199244,236.755786988,0.0307616681685
2732000,-58.6134227134,217.000452373,0.0307616681685
2733000,-65.3453579257,299.194677972,0.0307616681685
2734000,-58.1503505205,226.666626411,0.0307616681685
2735000,-49.9605535067,355.034904763,0.0307616681685
2736000,-77.9905458027,316.147765752,0.0307616681685
2737000,-47.8678652328,330.254512463,0.0307616681685
2738000,-45.8712048965,274.046396604,0.0307616681685
2739000,-51.3302048232,262.187750411,0.0307616681685
2740000,-54.4201289636,276.24478953,0.0307616681685
2741000,-57.3354815584,311.249061058,0.0307616681685
2742000,-51.0746896883,327.72115327,0.0307616681685
2743000,-69.5016044105,311.040098253,0.0307616681685
2744000,-63.1929394805,344.845756875,0.0307616681685
2745000,-81.7788237617,398.594856147,0.0307616681685
2746000,-79.9742401886,305.068907389,0.0307616681685
2747000,-53.2121257099,263.811426441,0.0307616681685
2748000,-57.8453485689,269.376068322,0.0307616681685
2749000,-43.5494453745,248.120382749,0.0307616681685
2750000,-75.7463443201,326.64947257,0.0307616681685
2751000,-65.0130354047,327.976773218,0.0307616681685
2752000,-59.9302844676,288.200731679,0.0307616681685
2753000,-60.3338404406,241.693089318,0.0307616681685
2754000,-69.7722736916,233.560711405,0.0307616681685
2755000,-55.4449365429,254.200086332,0.0307616681685
2756000,-83.1674773182,292.619089589,0.0307616681685
2757000,-46.0400010298,358.834876639,0.0307616681685
2758000,-66.7801193964,401.261360375,0.0307616681685
2759000,-28.2951631761,308.448429296,0.0307616681685
2760000,-39.6128132147,290.34753552,0.0307616681685
2761000,-39.3875077755,288.865603924,0.0307616681685
2762000,-44.3731523548,287.586529317,0.0307616681685
2763000,-53.4268815261,317.109808843,0.0307616681685
2764000,-82.8689980299,298.300377802,0.0307616681685
2765000,-49.8850151612,227.369938863,0.0307616681685
2766000,-19.3105387378,254.363207985,0.0307616681685
2767000,-60.2867115522,291.955220813,0.0307616681685
2768000,-62.191026926,322.884096657,0.0307616681685
2769000,-40.0419233363,346.89461737,0.0307616681685
2770000,-68.0394287527,384.719265511,0.0307616681685
2771000,-63.4001911336,278.057190845,0.0307616681685
2772000,-57.2645669664,250.379348932,0.0307616681685
2773000,-61.9457752495,242.355245487,0.0307616681685
2774000,-60.8973301559,298.96655752,0.0307616681685
2775000,-54.2623246287,261.732092299,0.0307616681685
2776000,-56.8786238531,304.313530479,0.0307616681685
2777000,-36.7055228379,331.777618521,0.0307616681685
2778000,-56.1657663246,276.550712536,0.0307616681685
2779000,-33.163682058,278.086323511,0.0307616681685
2780000,-33.0678991509,165.960606346,0.0307616681685
2781000,-61.2106395771,299.482059494,0.0307616681685
2782000,-76.7846079287,227.159281197,0.0307616681685
2783000,-83.3123868934,301.45921212,0.0307616681685
2784000,-69.9490445671,323.771143282,0.0307616681685
2785000,-68.0311567797,363.400968163,0.0307616681685
2786000,-39.8093325052,320.571369393,0.0307616681685
2787000,-34.882415302,294.021408174,0.0307616681685
2788000,-67.958179669,271.494351978,0.0307616681685
2789000,-46.8838084612,293.331455366,0.0307616681685
2790000,-49.6677387064,245.120886617,0.0307616681685
2791000,-34.4841651641,358.693378815,0.0307616681685
2792000,-33.5970100433,452.644867153,0.0307616681685
2793000,-47.3615975788,261.663501638,0.0307616681685
2794000,-46.8537163663,357.337818253,0.0307616681685
2795000,-49.2539865338,266.694771319,0.0307616681685
2796000,-46.6657617903,351.728847792,0.0307616681685
2797000,-10.2536650913,304.836585202,0.0307616681685
2798000,-50.8736810761,340.241365242,0.0307616681685
2799000,-33.9911878415,250.759823638,0.0307616681685
2800000,-68.2204791208,296.712913933,0.0307616681685
2801000,-66.0954761275,272.467793821,0.0307616681685
2802000,-80.5503520574,324.910230653,0.0307616681685
2803000,-66.9165902878,284.458365477,0.0307616681685
2804000,-57.3378713294,326.877411403,0.0307616681685
2805000,-58.7592548314,341.263906007,0.0307616681685
2806000,-33.8831910577,405.551316333,0.0307616681685
2807000,-36.602817861,400.472965838,0.0307616681685
2808000,-62.384281824,289.066138681,0.0307616681685
2809000,-44.8902443155,219.020840049,0.0307616681685
2810000,-73.1613796456,324.079394828,0.0307616681685
2811000,-62.4238184988,293.32768019,0.0307616681685
2812000,-57.7462553218,250.25367882,0.0307616681685
2813000,-64.78307993,204.383159187,0.0307616681685
2814000,-48.4184133643,251.255900392,0.0307616681685
2815000,-57.1723038883,317.553556678,0.0307616681685
2816000,-53.0691586552,237.347561337,0.0307616681685
2817000,-43.9902677856,302.943240964,0.0307616681685
2818000,-36.2871724613,363.595739983,0.0307616681685
2819000,-62.8363146968,322.142143269,0.0307616681685
2820000,-38.646231982,336.898560197,0.0307616681685
2821000,-50.9962856902,275.375122392,0.0307616681685
2822000,-69.532174486,278.232431009,0.0307616681685
2823000,-64.5768439261,223.89874059,0.0307616681685
2824000,-42.0037952889,242.203670386,0.0307616681685
2825000,-34.7570642634,284.043231923,0.0307616681685
2826000,-25.6602370958,270.868630682,0.0307616681685
2827000,-44.2574952865,340.07571926,0.0307616681685
2828000,-63.310368669,302.667518656,0.0307616681685
2829000,-59.3542430984,248.412915723,0.0307616681685
2830000,-44.6573697827,355.022397746,0.0307616681685
2831000,-57.9519378631,371.08246439,0.0307616681685
2832000,-64.0720804564,305.72101262,0.0307616681685
2833000,-54.6751522619,277.309979907,0.0307616681685
2834000,-59.8118751698,330.331501516,0.0307616681685
2835000,-64.8264550561,285.410188437,0.0307616681685
2836000,-59.6876163005,353.958142411,0.0307616681685
2837000,-63.990123652,261.591199694,0.0307616681685
2838000,-69.1669806126,231.686560031,0.0307616681685
2839000,-70.1952190596,226.253090074,0.0307616681685
2840000,-52.8942477198,255.239562737,0.0307616681685
2841000,-58.8260302115,303.236380919,0.0307616681685
2842000,-44.2829632685,193.027791206,0.0307616681685
2843000,-65.2730499758,259.841894651,0.0307616681685
2844000,-43.1484346437,298.733404424,0.0307616681685
2845000,-89.0138185493,317.026436664,0.0307616681685
2846000,-59.9763820248,258.489286402,0.0307616681685
2847000,-56.783843001,234.925564215,0.0307616681685
2848000,-41.4791650755,267.76034248,0.0307616681685
2849000,-73.7538600642,291.100794504,0.0307616681685
2850000,-53.3356977303,230.593886247,0.0307616681685
2851000,-52.8774104396,292.958791318,0.0307616681685
2852000,-68.7129074792,354.033998697,0.0307616681685
2853000,-60.4758394413,264.137735138,0.0307616681685
2854000,-55.5245635436,323.332482073,0.0307616681685
2855000,-53.0233757842,335.113564913,0.0307616681685
2856000,-93.8648903081,356.798240837,0.0307616681685
2857000,-56.063161603,364.42884544,0.0307616681685
2858000,-58.9841834798,231.213858051,0.0307616681685
2859000,-59.6625011637,281.752430112,0.0307616681685
2860000,-43.6731334444,282.493061876,0.0307616681685
2861000,-54.8225954642,275.138288461,0.0307616681685
2862000,-65.9172054058,329.069548669,0.0307616681685
2863000,-102.62588725,302.762447769,0.0307616681685
2864000,-84.020589397,296.987321302,0.0307616681685
2865000,-83.9207109179,232.413741068,0.0307616681685
2866000,-57.9042932043,267.153230503,0.0307616681685
2867000,-62.7346614469,316.380438226,0.0307616681685
2868000,-55.3176072936,245.580034993,0.0307616681685
2869000,-32.9328700613,353.027297823,0.0307616681685
2870000,-37.2540332626,261.979513141,0.0307616681685
2871000,-59.5812842873,366.897079138,0.0307616681685
2872000,-61.748914365,316.760267947,0.0307616681685
2873000,-68.4499501492,300.08770158,0.0307616681685
2874000,-48.9381878089,299.564752098,0.0307616681685
2875000,-61.2803328489,337.432892816,0.0307616681685
2876000,-57.9588886746,266.151712789,0.0307616681685
2877000,-53.8778634398,281.008255964,0.0307616681685
2878000,-61.0019039686,234.214404645,0.0307616681685
2879000,-64.1996482555,238.577722578,0.0307616681685
2880000,-52.8734313984,306.853378171,0.0307616681685
2881000,-15.0156237473,285.702909826,0.0307616681685
2882000,-46.8493131099,291.396946434,0.0307616681685
2883000,-58.3629057834,448.713255259,0.0307616681685
2884000,-59.4486128294,254.53930809,0.0307616681685
2885000,-72.9986669913,328.901821981,0.0307616681685
2886000,-41.429298629,259.785643178,0.0307616681685
2887000,-65.9379075998,383.34831073,0.0307616681685
2888000,-55.3693149346,314.04719738,0.0307616681685
2889000,-52.9350365352,312.105005245,0.0307616681685
2890000,-58.0376508249,379.139281689,0.0307616681685
2891000,-15.4852152648,294.755729648,0.0307616681685
2892000,-58.1227280584,297.396400693,0.0307616681685
2893000,-67.5358672265,303.808191646,0.0307616681685
2894000,-62.2100364329,369.668685073,0.0307616681685
2895000,-62.5671410181,350.563894224,0.0307616681685
2896000,-62.8943789242,295.476230865,0.0307616681685
2897000,-69.1281507628,312.165078846,0.0307616681685
2898000,-31.3087643662,190.235066644,0.0307616681685
2899000,-70.0102059021,267.201852599,0.0307616681685
2900000,-58.1455729547,196.915317489,0.0307616681685
2901000,-71.5874311868,182.604738389,0.0307616681685
2902000,-75.4124841063,219.60957941,0.0307616681685
2903000,-58.4872773546,238.453408362,0.0307616681685
2904000,-53.6976978636,231.922636903,0.0307616681685
2905000,-79.9674911036,293.811854672,0.0307616681685
2906000,-65.0099944371,173.38706116,0.0307616681685
2907000,-63.1584618047,289.875387699,0.0307616681685
2908000,-49.7455499836,285.263076324,0.0307616681685
2909000,-60.502694441,275.00316169,0.0307616681685
2910000,-65.2573434578,339.643881878,0.0307616681685
2911000,-71.0270366522,303.716353637,0.0307616681685
2912000,-45.9438748027,254.153618813,0.0307616681685
2913000,-34.0353749047,309.09220874,0.0307616681685
2914000,-83.4353871518,277.151866996,0.0307616681685
2915000,-48.8777428923,232.163259947,0.0307616681685
2916000,-70.9948465273,307.310395615,0.0307616681685
2917000,-64.2258494572,259.152838098,0.0307616681685
2918000,-65.972027294,325.699140504,0.0307616681685
2919000,-53.5406392393,259.767510406,0.0307616681685
2920000,-63.8083378747,304.967843779,0.0307616681685
2921000,-71.7723501144,339.812179326,0.0307616681685
2922000,-51.6079725081,370.158304625,0.0307616681685
2923000,-54.1886974462,314.884685584,0.0307616681685
2924000,-66.6929623413,337.438069542,0.0307616681685
2925000,-51.1484257451,281.015412432,0.0307616681685
2926000,-46.3396166975,245.983753155,0.0307616681685
2927000,-41.9185210019,221.758074557,0.0307616681685
2928000,-51.40732366,395.938617268,0.0307616681685
2929000,-42.395588864,307.817582012,0.0307616681685
2930000,-24.8620234348,379.723628436,0.0307616681685
2931000,-67.621673646,375.601131972,0.0307616681685
2932000,-72.3717686315,282.704608676,0.0307616681685
2933000,-83.6363302545,325.223017642,0.0307616681685
2934000,-84.7401772431,281.315747849,0.0307616681685
2935000,-54.7371297964,266.556255275,0.0307616681685
2936000,-52.9226828209,288.957536149,0.0307616681685
2937000,-64.4165382038,345.371904038,0.0307616681685
2938000,-51.3872629198,294.810042602,0.0307616681685
2939000,-34.8572906865,239.80296059,0.0307616681685
2940000,-62.7575631537,286.060493639,0.0307616681685
2941000,-79.8318802735,259.1520322,0.0307616681685
2942000,-47.8239688424,241.433519242,0.0307616681685
2943000,-69.5919424254,327.073770288,0.0307616681685
2944000,-52.2968921859,377.865975587,0.0307616681685
2945000,-28.2993641291,248.873334261,0.0307616681685
2946000,-55.1729029125,341.967401413,0.0307616681685
2947000,-60.3336448536,319.687162855,0.0307616681685
2948000,-60.4525441626,289.633351769,0.0307616681685
2949000,-73.5605352343,305.144527849,0.0307616681685
2950000,-62.1681661594,261.133214308,0.0307616681685
2951000,-32.2934794892,231.458425651,0.0307616681685
2952000,-52.1344872103,268.73126768,0.0307616681685
2953000,-86.9020421884,318.874809116,0.0307616681685
2954000,-93.0646344159,280.043265541,0.0307616681685
2955000,-73.3572018673,286.810038146,0.0307616681685
2956000,-54.1843581976,227.789911824,0.0307616681685
2957000,-43.8741009987,267.11536886,0.0307616681685
2958000,-51.3512538822,351.906949233,0.0307616681685
2959000,-51.12489674,345.720374401,0.0307616681685
2960000,-44.9947482465,297.050369507,0.0307616681685
2961000,-52.1239952184,220.476282121,0.0307616681685
2962000,-58.1896635602,327.103974286,0.0307616681685
2963000,-64.6166555254,338.315060632,0.0307616681685
2964000,-61.2306844062,320.790165107,0.0307616681685
2965000,-53.2707482443,279.355744635,0.0307616681685
2966000,-71.5262452289,216.082509395,0.0307616681685
2967000,-72.8164525347,319.05761371,0.0307616681685
2968000,-60.4215836401,216.146499084,0.0307616681685
2969000,-75.7451844923,290.865609777,0.0307616681685
2970000,-71.5187567933,295.420126326,0.0307616681685
2971000,-77.3887865785,324.698637814,0.0307616681685
2972000,-48.924588914,286.8953035,0.0307616681685
2973000,-45.4422256521,289.097802022,0.0307616681685
2974000,-50.5910702288,257.071477942,0.0307616681685
2975000,-35.3677558708,274.28678258,0.0307616681685
2976000,-45.4793417713,287.67980327,0.0307616681685
2977000,-32.8874247041,305.075457627,0.0307616681685
2978000,-51.0784260758,271.620316972,0.0307616681685
2979000,-67.1092471334,265.572934714,0.0307616681685
2980000,-86.2143371533,346.50564885,0.0307616681685
2981000,-88.5693165096,346.524001696,0.0307616681685
2982000,-60.308944538,344.465563398,0.0307616681685
2983000,-68.20508551,329.629101289,0.0307616681685
2984000,-73.0979636826,329.039044289,0.0307616681685
2985000,-44.1640146089,283.222444651,0.0307616681685
2986000,-56.0007249399,451.545405491,0.0307616681685
2987000,-40.133239248,323.411047737,0.0307616681685
2988000,-54.9441920686,301.251827441,0.0307616681685
2989000,-44.4718298419,353.922794949,0.0307616681685
2990000,-52.9856050197,382.771219605,0.0307616681685
2991000,-53.5049958571,389.303588442,0.0307616681685
2992000,-26.7034158217,327.161955919,0.0307616681685
2993000,-55.6256484262,347.517338407,0.0307616681685
2994000,-55.9929361985,368.725117033,0.0307616681685
2995000,-49.5822299474,267.248137963,0.0307616681685
2996000,-56.6257159362,251.220602326,0.0307616681685
2997000,-69.6462073818,241.503131964,0.0307616681685
2998000,-46.058116131,272.215763454,0.0307616681685
2999000,-52.1181323371,390.417068451,0.0307616681685
3000000,-38.331315339,407.613574869,0.0307616681685
3001000,-70.1634543679,288.752032592,0.0307616681685
3002000,-82.8299882229,304.70331953,0.0307616681685
3003000,-80.1737417893,327.880622562,0.0307616681685
3004000,-75.4928451634,304.040143299,0.0307616681685
3005000,-60.2645037038,297.285278958,0.0307616681685
3006000,-67.74225423,236.811810776,0.0307616681685
3007000,-58.5235629005,267.142700251,0.0307616681685
3008000,-59.3107381298,291.536393206,0.0307616681685
3009000,-63.7187877977,251.242402729,0.0307616681685
3010000,-61.4092197894,259.837367208,0.0307616681685
3011000,-58.9529145267,285.732654665,0.0307616681685
3012000,-66.0903994118,389.645392761,0.0307616681685
3013000,-42.9741104599,279.233972773,0.0307616681685
3014000,-70.80750602,213.043981126,0.0307616681685
3015000,-85.50877971,269.179755457,0.0307616681685
3016000,-58.3456014525,352.152122939,0.0307616681685
3017000,-36.3061042959,305.24024124,0.0307616681685
3018000,-53.7571578625,347.466482719,0.0307616681685
3019000,-58.5775972293,307.94202214,0.0307616681685
3020000,-66.1756303358,272.46480042,0.0307616681685
3021000,-70.4564716701,243.922691554,0.0307616681685
3022000,-68.051322005,372.024360699,0.0307616681685
3023000,-60.3196647147,390.889165028,0.0307616681685
3024000,-70.8165081153,241.948381012,0.0307616681685
3025000,-65.9753836673,218.969386593,0.0307616681685
3026000,-84.9492197519,306.931003835,0.0307616681685
3027000,-74.0900596299,226.611307983,0.0307616681685
3028000,-39.5196027014,316.010874103,0.0307616681685
3029000,-41.8216921044,278.071431144,0.0307616681685
3030000,-73.4900625847,319.42008662,0.0307616681685
3031000,-50.1406277257,363.060797821,0.0307616681685
3032000,-72.2046815128,266.81885884,0.0307616681685
3033000,-61.8471168104,292.633333904,0.0307616681685
3034000,-77.305479367,319.20518751,0.0307616681685
3035000,-58.0525018997,361.608682547,0.0307616681685
3036000,-59.1987423966,329.709758463,0.0307616681685
3037000,-68.2179266073,255.059041035,0.0307616681685
3038000,-59.9274737149,232.281027294,0.0307616681685
3039000,-52.6915136002,258.913440669,0.0307616681685
3040000,-55.478559448,297.96132578,0.0307616681685
3041000,-40.1958343705,354.332738669,0.0307616681685
3042000,-66.949059715,328.860502685,0.0307616681685
3043000,-50.5972349972,298.733316438,0.0307616681685
3044000,-75.4669978295,338.873879012,0.0307616681685
3045000,-72.0118587894,299.2850809,0.0307616681685
3046000,-62.6419048476,277.424547821,0.0307616681685
3047000,-73.1823195425,305.583116903,0.0307616681685
3048000,-64.1885555748,352.096410314,0.0307616681685
3049000,-59.2243680972,294.284666959,0.0307616681685
3050000,-66.5553341687,287.605082695,0.0307616681685
3051000,-77.1555537115,370.797310193,0.0307616681685
3052000,-57.9007465447,260.978181623,0.0307616681685
3053000,-72.6765011696,226.777856481,0.0307616681685
3054000,-59.0168414797,405.283256414,0.0307616681685
3055000,-49.1525225151,275.181568246,0.0307616681685
3056000,-59.4461710375,342.242135549,0.0307616681685
3057000,-57.4083813326,404.043858894,0.0307616681685
3058000,-45.5482769131,233.743843608,0.0307616681685
3059000,-66.864244189,357.275340934,0.0307616681685
3060000,-57.1852619284,232.743715262,0.0307616681685
3061000,-61.1491143575,318.965982086,0.0307616681685
3062000,-34.0639688878,219.343670648,0.0307616681685
3063000,-73.9693410015,239.919962201,0.0307616681685
3064000,-83.2049445061,307.296044609,0.0307616681685
3065000,-60.5735448472,259.25638249,0.0307616681685
3066000,-39.830569539,260.822964035,0.0307616681685
3067000,-39.0458660145,295.429113026,0.0307616681685
3068000,-61.2998607917,321.575810662,0.0307616681685
3069000,-57.6683541283,281.001662676,0.0307616681685
3070000,-65.5418979171,295.459803853,0.0307616681685
3071000,-51.6556129107,270.78298408,0.0307616681685
3072000,-44.3147939137,203.24441723,0.0307616681685
3073000,-56.8333973868,262.609893339,0.0307616681685
3074000,-71.371885525,272.59252959,0.0307616681685
3075000,-59.0296046563,375.106130687,0.0307616681685
3076000,-47.9197661559,344.028617541,0.0307616681685
3077000,-59.8857564211,323.444432703,0.0307616681685
3078000,-41.2261470969,239.266448699,0.0307616681685
3079000,-63.1726278206,307.80853771,0.0307616681685
3080000,-71.3066211833,241.791527798,0.0307616681685
3081000,-82.5086471093,267.719175437,0.0307616681685
3082000,-67.2103901002,280.185267811,0.0307616681685
3083000,-58.2455852221,248.334973241,0.0307616681685
3084000,-71.3216568443,288.158450909,0.0307616681685
3085000,-71.1561253182,252.782114085,0.0307616681685
3086000,-72.3920368968,293.834282173,0.0307616681685
3087000,-57.5241329748,283.79470532,0.0307616681685
3088000,-58.5204532963,216.543431073,0.0307616681685
3089000,-67.1048251108,284.533347709,0.0307616681685
3090000,-76.8461355957,275.295996719,0.0307616681685
3091000,-74.2947819787,283.781889615,0.0307616681685
3092000,-90.548697573,245.968057857,0.0307616681685
3093000,-57.7238166888,264.828486459,0.0307616681685
3094000,-56.5693688812,252.357398164,0.0307616681685
3095000,-47.1175747906,315.867650681,0.0307616681685
3096000,-53.9487386195,330.242394956,0.0307616681685
3097000,-31.9260359984,343.491514822,0.0307616681685
3098000,-64.7133756945,248.376446736,0.0307616681685
3099000,-43.8908233492,351.470418155,0.0307616681685
3100000,-26.2959734228,284.467436335,0.0307616681685
3101000,-65.4102545768,301.148069609,0.0307616681685
3102000,-77.1347858541,367.596701169,0.0307616681685
3103000,-38.1957821566,348.382916891,0.0307616681685
3104000,-59.6462566266,357.481219728,0.0307616681685
3105000,-45.0876944782,401.312200895,0.0307616681685
3106000,-45.5625327747,388.485397976,0.0307616681685
3107000,-44.5891472139,302.723573828,0.0307616681685
3108000,-93.7167577711,387.585941824,0.0307616681685
3109000,-62.8118276749,323.07058102,0.0307616681685
3110000,-58.6047996251,230.648954581,0.0307616681685
3111000,-61.4551051771,352.74117529,0.0307616681685
3112000,-60.5349903428,383.8932346,0.0307616681685
3113000,-30.5934424,236.49990219,0.0307616681685
3114000,-80.516585921,326.318184774,0.0307616681685
3115000,-43.3514533237,295.772731316,0.0307616681685
3116000,-37.2882944065,232.38235247,0.0307616681685
3117000,-58.6690119963,274.838627304,0.0307616681685
3118000,-49.7089260741,286.427293456,0.0307616681685
3119000,-45.2145532399,256.203880867,0.0307616681685
3120000,-48.4392426353,225.660443316,0.0307616681685
3121000,-76.5184463861,325.933335982,0.0307616681685
3122000,-79.556827793,355.472810601,0.0307616681685
3123000,-77.5627633785,333.023793919,0.0307616681685
3124000,-73.8144053174,233.810326048,0.0307616681685
3125000,-51.4190848272,283.949908391,0.0307616681685
3126000,-42.27019321,357.951717638,0.0307616681685
3127000,-56.2778085024,333.032182698,0.0307616681685
3128000,-51.3867619111,302.848683039,0.0307616681685
3129000,-61.2814182981,363.312431276,0.0307616681685
3130000,-72.2221141942,415.420001391,0.0307616681685
3131000,-86.5741781196,235.518855777,0.0307616681685
3132000,-56.2329242556,349.606908131,0.0307616681685
3133000,-55.8054384195,223.107624524,0.0307616681685
3134000,-69.2360519888,260.720960088,0.0307616681685
3135000,-67.5961006557,241.535587861,0.0307616681685
3136000,-66.5707831724,260.545184306,0.0307616681685
3137000,-74.63280576,273.518696164,0.0307616681685
3138000,-69.4591888666,313.632353687,0.0307616681685
3139000,-81.8875397721,301.786461566,0.0307616681685
3140000,-65.3160671321,217.666673905,0.0307616681685
3141000,-66.2394860234,250.570292393,0.0307616681685
3142000,-60.3998125308,213.7934311,0.0307616681685
3143000,-52.0084653533,274.412791008,0.0307616681685
3144000,-67.4864790374,324.84922205,0.0307616681685
3145000,-55.3447590824,226.053210283,0.0307616681685
3146000,-91.5872398164,211.883742917,0.0307616681685
3147000,-96.2744726075,260.947749471,0.0307616681685
3148000,-68.5269839493,292.821110048,0.0307616681685
3149000,-68.2825382846,359.642326181,0.0307616681685
3150000,-51.5299051616,256.093122477,0.0307616681685
3151000,-46.675772645,244.411203118,0.0307616681685
3152000,-92.6091302852,358.872269496,0.0307616681685
3153000,-75.1013676464,224.126229196,0.0307616681685
3154000,-67.315967791,295.044003046,0.0307616681685
3155000,-89.3968242562,386.745620818,0.0307616681685
3156000,-69.198473474,420.911319735,0.0307616681685
3157000,-46.7021430991,241.077191762,0.0307616681685
3158000,-58.6443386605,351.999297939,0.0307616681685
3159000,-79.607327457,336.578446108,0.0307616681685
3160000,-44.0734419213,245.959021918,0.0307616681685
3161000,-27.8225617912,265.618426378,0.0307616681685
3162000,-64.8441199,378.190898983,0.0307616681685
3163000,-64.4795696185,265.70845578,0.0307616681685
3164000,-95.136164327,304.220344062,0.0307616681685
3165000,-67.01474727,238.303817476,0.0307616681685
3166000,-80.4974021231,297.096354232,0.0307616681685
3167000,-44.6264009378,288.390299294,0.0307616681685
3168000,-60.9422681161,303.42152556,0.0307616681685
3169000,-62.6312929211,293.707596367,0.0307616681685
3170000,-52.0922052651,343.448495361,0.0307616681685
3171000,-47.8673112658,273.322132546,0.0307616681685
3172000,-40.3616087818,294.090797213,0.0307616681685
3173000,-72.082023422,360.107067334,0.0307616681685
3174000,-57.8401427024,246.647218165,0.0307616681685
3175000,-75.3851270799,285.557957857,0.0307616681685
3176000,-55.9818170954,348.175828561,0.0307616681685
3177000,-59.2693791171,334.874933936,0.0307616681685
3178000,5.47791403962,268.536329737,0.0307616681685
3179000,-38.8041391064,319.997242928,0.0307616681685
3180000,-61.7060476507,373.898316008,0.0307616681685
3181000,-54.972590939,265.524017197,0.0307616681685
3182000,-72.3786594523,354.317078736,0.0307616681685
3183000,-58.7293950533,401.794227938,0.0307616681685
3184000,-57.795147698,245.801932542,0.0307616681685
3185000,-76.5160527053,218.604225314,0.0307616681685
3186000,-65.0151623144,324.484602236,0.0307616681685
3187000,-65.4900120512,313.073535083,0.0307616681685
3188000,-59.2577324167,245.682132624,0.0307616681685
3189000,-78.1051863738,234.470261894,0.0307616681685
3190000,-62.2112525031,233.341590973,0.0307616681685
3191000,-66.5259034023,304.256068707,0.0307616681685
3192000,-71.4374842699,250.720006027,0.0307616681685
3193000,-51.5018107036,323.581886075,0.0307616681685
3194000,-55.6828400717,323.006893385,0.0307616681685
3195000,-57.8396356018,308.386811143,0.0307616681685
3196000,-60.6993638162,326.139815752,0.0307616681685
3197000,-75.2531189395,356.556015883,0.0307616681685
3198000,-55.9912750773,281.356722795,0.0307616681685
3199000,-44.7696822123,290.527308872,0.0307616681685
3200000,-34.3763612039,279.914727798,0.0307616681685
3201000,-67.2245312919,280.340729746,0.0307616681685
3202000,-52.7392191266,311.75437504,0.0307616681685
3203000,-85.9721660817,325.818215465,0.0307616681685
3204000,-52.5215160129,298.193334417,0.0307616681685
3205000,-67.4959672177,290.827233508,0.0307616681685
3206000,-76.2926859476,324.185357502,0.0307616681685
3207000,-51.0576775417,301.760331735,0.0307616681685
3208000,-45.0568663658,260.266702203,0.0307616681685
3209000,-61.5097720718,242.669310162,0.0307616681685
3210000,-65.5700160431,349.824614213,0.0307616681685
3211000,-67.0090731401,274.938516742,0.0307616681685
3212000,-73.0670290022,292.600629768,0.0307616681685
3213000,-75.1825668344,282.296103241,0.0307616681685
3214000,-30.3287517981,331.494234008,0.0307616681685
3215000,-62.3406925642,322.712988718,0.0307616681685
3216000,-31.2768451906,340.885346649,0.0307616681685
3217000,-40.5289647996,335.384053771,0.0307616681685
3218000,-30.2136545602,310.415319337,0.0307616681685
3219000,-44.8373557007,273.663925807,0.0307616681685
3220000,-70.24912214,390.864573772,0.0307616681685
3221000,-60.2498967418,265.201708159,0.0307616681685
3222000,-52.573354457,341.395662879,0.0307616681685
3223000,-57.5303286874,233.790399241,0.0307616681685
3224000,-78.9337356506,263.539378941,0.0307616681685
3225000,-50.6903079655,316.244143857,0.0307616681685
3226000,-55.8049688177,240.745246434,0.0307616681685
3227000,-84.1431587095,393.152156458,0.0307616681685
3228000,-45.4791888825,308.38941988,0.0307616681685
3229000,-64.4700793041,273.770913209,0.0307616681685
3230000,-75.3078155511,262.838680338,0.0307616681685
3231000,-57.8964647917,262.820317582,0.0307616681685
3232000,-78.786572497,274.274844229,0.0307616681685
3233000,-56.7123724117,228.342004991,0.0307616681685
3234000,-74.0807178117,308.800120987,0.0307616681685
3235000,-34.2831079496,286.921207053,0.0307616681685
3236000,-52.9985650885,362.7289851,0.0307616681685
3237000,-68.2314914163,234.436311027,0.0307616681685
3238000,-80.599406655,377.663053156,0.0307616681685
3239000,-50.8019615769,364.114600984,0.0307616681685
3240000,-55.2800665519,281.990278424,0.0307616681685
3241000,-76.6303875812,303.34870369,0.0307616681685
3242000,-97.7432473724,309.151581754,0.0307616681685
3243000,-58.4142488651,312.544897189,0.0307616681685
3244000,-23.6739041531,364.197837176,0.0307616681685
3245000,-44.3772143269,316.003554062,0.0307616681685
3246000,-73.4934255945,239.349658005,0.0307616681685
3247000,-67.6315187544,313.576725728,0.0307616681685
3248000,-47.6352468628,279.684536447,0.0307616681685
3249000,-46.1363336011,278.850911081,0.0307616681685
3250000,-71.6275310904,280.208670884,0.0307616681685
3251000,-57.2590226484,292.885583251,0.0307616681685
3252000,-68.2225555814,310.272935987,0.0307616681685
3253000,-51.407450388,285.945202288,0.0307616681685
3254000,-59.5269721045,401.520362875,0.0307616681685
3255000,-56.216826276,416.201330747,0.0307616681685
3256000,-29.8422189343,327.881544677,0.0307616681685
3257000,-47.3001761204,339.375857735,0.0307616681685
3258000,-85.6911639229,316.080960937,0.0307616681685
3259000,-79.5929114798,380.070610503,0.0307616681685
3260000,-53.6878874746,295.88041229,0.0307616681685
3261000,-67.1952053117,315.772938205,0.0307616681685
3262000,-52.8431882583,276.142059504,0.0307616681685
3263000,-70.8209588894,263.406764009,0.0307616681685
3264000,-68.2233168033,292.070847668,0.0307616681685
3265000,-59.6049526293,309.717099116,0.0307616681685
3266000,-66.4799574487,392.868674975,0.0307616681685
3267000,-36.7223593097,374.878914527,0.0307616681685
3268000,-45.5860411859,340.598105535,0.0307616681685
3269000,-53.3294576575,348.389264626,0.0307616681685
3270000,-50.2885304378,342.4323104,0.0307616681685
3271000,-56.5737431335,380.924411064,0.0307616681685
3272000,-60.705305561,309.166105809,0.0307616681685
3273000,-51.6458099523,271.420060488,0.0307616681685
3274000,-67.5880103186,366.816120275,0.0307616681685
3275000,-80.4606882788,276.871643755,0.0307616681685
3276000,-57.7086291363,301.156070315,0.0307616681685
3277000,-60.7008626984,301.392925343,0.0307616681685
3278000,-71.6004340158,290.77003608,0.0307616681685
3279000,-68.6970410825,230.306167559,0.0307616681685
3280000,-50.4294850635,283.316405311,0.0307616681685
3281000,-37.9588363459,324.711501011,0.0307616681685
3282000,-32.6625224505,395.864382734,0.0307616681685
3283000,-62.7667893369,344.205091117,0.0307616681685
3284000,-48.1605360136,299.879127024,0.0307616681685
3285000,-74.7445778707,270.096530952,0.0307616681685
3286000,-58.744358491,232.706834698,0.0307616681685
3287000,-84.1385125007,217.254490456,0.0307616681685
3288000,-74.9761210762,214.798419433,0.0307616681685
3289000,-81.150982158,330.890576957,0.0307616681685
3290000,-52.8268138903,346.068665129,0.0307616681685
3291000,-64.5802680776,224.605424383,0.0307616681685
3292000,-78.3037302934,275.896540521,0.0307616681685
3293000,-60.5659642254,326.491070243,0.0307616681685
3294000,-67.2628854671,392.960434413,0.0307616681685
3295000,-71.0872366253,327.126492879,0.0307616681685
3296000,-56.9179938114,304.339678689,0.0307616681685
3297000,-66.3145939007,246.271376909,0.0307616681685
3298000,-46.0591536706,321.482780274,0.0307616681685
3299000,-46.0265586476,240.8858517,0.0307616681685
3300000,-97.6394445838,344.141909206,0.0307616681685
3301000,-76.6022924656,265.523168711,0.0307616681685
3302000,-68.4145584154,260.520529237,0.0307616681685
3303000,-45.3592143967,249.829298585,0.0307616681685
3304000,-36.7962394491,279.491760499,0.0307616681685
3305000,-44.9669322238,334.530687613,0.0307616681685
3306000,-56.4575484576,312.996139989,0.0307616681685
3307000,-63.7919301599,290.633596695,0.0307616681685
3308000,-57.9209075618,305.423320508,0.0307616681685
3309000,-66.1831847117,366.117214834,0.0307616681685
3310000,-60.5402224931,268.947396684,0.0307616681685
3311000,-75.7924310065,302.902026587,0.0307616681685
3312000,-52.1384912811,253.953366222,0.0307616681685
3313000,-44.0365972958,318.255423566,0.0307616681685
3314000,-20.3637121822,303.553665268,0.0307616681685
3315000,-50.5157415766,226.485670655,0.0307616681685
3316000,-41.1092428111,251.719610497,0.0307616681685
3317000,-85.1172136026,347.41246613,0.0307616681685
3318000,-79.0006925053,266.501725576,0.0307616681685
3319000,-73.1856611311,373.960472605,0.0307616681685
3320000,-68.453140885,324.037120863,0.0307616681685
3321000,-42.78013682,272.437934419,0.0307616681685
3322000,-41.1101423163,276.238516168,0.0307616681685
3323000,-58.3050284351,318.463155307,0.0307616681685
3324000,-57.9642369609,280.984235914,0.0307616681685
3325000,-77.0665905238,248.018189836,0.0307616681685
3326000,-49.3910781657,240.201664562,0.0307616681685
3327000,-60.7230165995,218.078787711,0.0307616681685
3328000,-88.7297165757,296.249472279,0.0307616681685
3329000,-65.337769599,294.665620572,0.0307616681685
3330000,-55.7296348949,286.788540894,0.0307616681685
3331000,-54.6755586074,233.699293369,0.0307616681685
3332000,-85.2840273449,380.795264613,0.0307616681685
3333000,-49.4751112109,281.488819833,0.0307616681685
3334000,-50.8525585835,237.899121893,0.0307616681685
3335000,-77.3310105249,299.77097244,0.0307616681685
3336000,-77.4527964624,307.778996268,0.0307616681685
3337000,-56.5306900148,288.368200177,0.0307616681685
3338000,-49.1342121269,305.699979343,0.0307616681685
3339000,-29.8205354096,351.129359311,0.0307616681685
3340000,-19.6079076296,336.6112321,0.0307616681685
3341000,-57.2873303712,294.033128774,0.0307616681685
3342000,-20.360126041,298.256609991,0.0307616681685
3343000,-70.9702071511,368.969092862,0.0307616681685
3344000,-60.4551366268,281.382554055,0.0307616681685
3345000,-78.3058485396,363.922671032,0.0307616681685
3346000,-62.1467394984,298.697020351,0.0307616681685
3347000,-62.5971661551,358.274482527,0.0307616681685
3348000,-40.2212428629,312.536780356,0.0307616681685
3349000,-54.2696443354,360.223854839,0.0307616681685
3350000,-24.5006631603,287.040911587,0.0307616681685
3351000,-58.8255980128,340.323510882,0.0307616681685
3352000,-81.7064882987,309.012536204,0.0307616681685
3353000,-70.3393566308,335.334095081,0.0307616681685
3354000,-58.3436819994,284.998600349,0.0307616681685
3355000,-57.6776194447,167.469809417,0.0307616681685
3356000,-71.9940681173,237.648291044,0.0307616681685
3357000,-63.9600933874,272.32355642,0.0307616681685
3358000,-67.3238197297,254.765717872,0.0307616681685
3359000,-72.0508606512,244.041851047,0.0307616681685
3360000,-69.7266461977,339.460360197,0.0307616681685
3361000,-83.4075432118,254.518553104,0.0307616681685
3362000,-80.7199100175,227.994539662,0.0307616681685
3363000,-67.5848609941,186.148554431,0.0307616681685
3364000,-68.6278056733,307.132722892,0.0307616681685
3365000,-69.8060228884,307.328182621,0.0307616681685
3366000,-53.930379836,387.614607736,0.0307616681685
3367000,-60.1096540744,301.465242265,0.0307616681685
3368000,-40.9168657938,320.43724971,0.0307616681685
3369000,-52.4296351269,271.302533037,0.0307616681685
3370000,-67.5371111838,304.969716293,0.0307616681685
3371000,-67.1001386853,314.138406531,0.0307616681685
3372000,-44.9896966557,258.904777842,0.0307616681685
3373000,-83.8022814594,257.124577333,0.0307616681685
3374000,-76.682927857,297.092960252,0.0307616681685
3375000,-58.3181718267,320.058214672,0.0307616681685
3376000,-67.0932575215,348.249825392,0.0307616681685
3377000,-92.9612187954,343.26374363,0.0307616681685
3378000,-60.6581983882,284.956557564,0.0307616681685
3379000,-68.128524366,240.458703967,0.0307616681685
3380000,-68.8683029927,340.744708059,0.0307616681685
3381000,-59.2692989336,298.35214638,0.0307616681685
3382000,-59.7770935845,276.818294163,0.0307616681685
3383000,-49.9870449765,238.279979248,0.0307616681685
3384000,-45.1698847314,263.497403792,0.0307616681685
3385000,-68.7960151462,302.91988412,0.0307616681685
3386000,-89.3657750155,299.254788132,0.0307616681685
3387000,-62.6540951557,251.630004928,0.0307616681685
3388000,-66.7319007698,288.244237162,0.0307616681685
3389000,-62.6506627897,264.067622154,0.0307616681685
3390000,-70.5304468351,293.023051527,0.0307616681685
3391000,-31.9304920204,286.864455354,0.0307616681685
3392000,-53.8041035763,338.470890175,0.0307616681685
3393000,-54.3000767387,251.195983801,0.0307616681685
3394000,-58.7349834059,279.311522564,0.0307616681685
3395000,-72.3448662795,266.830770506,0.0307616681685
3396000,-82.8007989367,289.80587486,0.0307616681685
3397000,-85.6811293959,240.975477512,0.0307616681685
3398000,-77.3485528711,327.55777409,0.0307616681685
3399000,-70.0847145627,210.734290108,0.0307616681685
3400000,-60.3268102241,307.471876673,0.0307616681685
3401000,-71.4687650582,252.838798488,0.0307616681685
3402000,-59.8183534005,267.79720753,0.0307616681685
3403000,-60.2536070042,247.581449384,0.0307616681685
3404000,-49.5005241183,257.259074107,0.0307616681685
3405000,-46.6690547839,322.694705117,0.0307616681685
3406000,-49.8236954772,364.482479939,0.0307616681685
3407000,-27.2596504504,268.292275556,0.0307616681685
3408000,-64.7706594449,320.800006774,0.0307616681685
3409000,-61.8919916029,358.586143502,0.0307616681685
3410000,-56.4058412958,344.36617584,0.0307616681685
3411000,-47.0695707008,363.888877292,0.0307616681685
3412000,-61.909866798,358.323165798,0.0307616681685
3413000,-46.4383904031,326.086748257,0.0307616681685
3414000,-58.429013622,300.608337016,0.0307616681685
3415000,-71.1251966102,347.295207569,0.0307616681685
3416000,-41.9845755983,337.61635943,0.0307616681685
3417000,-36.3315836619,313.877872447,0.0307616681685
3418000,-54.8161051344,346.157282771,0.0307616681685
3419000,-36.9430349372,336.874939809,0.0307616681685
3420000,-32.465868349,194.007380346,0.0307616681685
3421000,-15.467484601,359.539800724,0.0307616681685
3422000,-68.2994341393,277.433643986,0.0307616681685
3423000,-63.5777152265,379.147909264,0.0307616681685
3424000,-83.8887301738,369.045581398,0.0307616681685
3425000,-53.5668080976,257.343196216,0.0307616681685
3426000,-47.3842295165,283.364761411,0.0307616681685
3427000,-69.5372454386,237.543538796,0.0307616681685
3428000,-87.8125177335,286.156982109,0.0307616681685
3429000,-56.987346797,262.166843051,0.0307616681685
3430000,-63.3791454211,293.860258597,0.0307616681685
3431000,-80.426804797,315.947463766,0.0307616681685
3432000,-73.4798174826,254.228713973,0.0307616681685
3433000,-65.2144546389,254.679978706,0.0307616681685
3434000,-65.3108405537,263.993491508,0.0307616681685
3435000,-66.8032175923,259.587830575,0.0307616681685
3436000,-66.2650191535,390.513895244,0.0307616681685
3437000,-51.0344356717,306.68736922,0.0307616681685
3438000,-36.7159419693,291.239433214,0.0307616681685
3439000,-57.1954617337,336.959717977,0.0307616681685
3440000,-63.0791436474,376.063681752,0.0307616681685
3441000,-50.7808658106,313.525892765,0.0307616681685
3442000,-63.2494831711,341.335417455,0.0307616681685
3443000,-39.1313969353,218.483889082,0.0307616681685
3444000,-84.6932352342,336.604142387,0.0307616681685
3445000,-57.0845391826,262.255831647,0.0307616681685
3446000,-46.5602589069,314.542529264,0.0307616681685
3447000,-66.508124356,308.814233352,0.0307616681685
3448000,-53.5313149466,287.414536741,0.0307616681685
3449000,-47.0816585536,262.420733057,0.0307616681685
3450000,-83.8559189094,300.968280546,0.0307616681685
3451000,-71.5369149483,270.306150918,0.0307616681685
3452000,-66.3137387117,347.288503611,0.0307616681685
3453000,-13.7132161221,290.874230986,0.0307616681685
3454000,-71.4759433955,359.612299532,0.0307616681685
3455000,-49.914485685,291.629119305,0.0307616681685
3456000,-84.5257381716,321.55247396,0.0307616681685
3457000,-91.5360915631,289.002508584,0.0307616681685
3458000,-71.7445754137,232.051438123,0.0307616681685
3459000,-63.5781843758,294.728258273,0.0307616681685
3460000,-67.0925479024,285.449649839,0.0307616681685
3461000,-85.105051154,250.252857102,0.0307616681685
3462000,-77.5568691109,268.368914436,0.0307616681685
3463000,-75.0927630811,301.264862843,0.0307616681685
3464000,-60.169646576,297.726391416,0.0307616681685
3465000,-88.0514584356,234.079497486,0.0307616681685
3466000,-94.2932828412,261.019621016,0.0307616681685
3467000,-64.5907339911,250.805609404,0.0307616681685
3468000,-66.9885121656,216.205599541,0.0307616681685
3469000,-22.4100121398,294.912756362,0.0307616681685
3470000,-35.9835187929,341.883352026,0.0307616681685
3471000,-55.0805967035,337.403564858,0.0307616681685
3472000,-51.8713449127,268.819321716,0.0307616681685
3473000,-50.0777356868,351.199598178,0.0307616681685
3474000,-51.5534218714,292.583711091,0.0307616681685
3475000,-73.6030405034,279.348023199,0.0307616681685
3476000,-37.3500129354,252.857861492,0.0307616681685
3477000,-65.3482031342,360.906549371,0.0307616681685
3478000,-53.99995441,332.745155921,0.0307616681685
3479000,-74.1256290315,354.620769086,0.0307616681685
3480000,-62.1293803299,269.152422583,0.0307616681685
3481000,-76.5176888608,301.564031752,0.0307616681685
3482000,-59.6168194812,213.06224487,0.0307616681685
3483000,-70.6287239635,267.507236405,0.0307616681685
3484000,-65.0354676722,293.036970068,0.0307616681685
3485000,-60.6424033089,321.965240244,0.0307616681685
3486000,-52.5457702489,259.260534446,0.0307616681685
3487000,-52.2324205974,312.559966811,0.0307616681685
3488000,-63.9286184165,218.296460397,0.0307616681685
3489000,-35.7676973939,245.409059434,0.0307616681685
3490000,-81.0303618677,310.552098784,0.0307616681685
3491000,-31.6145213996,309.786592584,0.0307616681685
3492000,-37.8192510225,324.814501909,0.0307616681685
3493000,-42.9762017472,314.827896683,0.0307616681685
3494000,-53.3613872138,313.326207849,0.0307616681685
3495000,-65.7850902862,265.521213814,0.0307616681685
3496000,-74.0204523319,287.033162322,0.0307616681685
3497000,-64.358040756,246.54477305,0.0307616681685
3498000,-41.7753134514,274.493396292,0.0307616681685
3499000,-55.2191978869,282.048147714,0.0307616681685
3500000,-62.8547579667,330.701767101,0.0307616681685
3501000,-53.5037605202,261.081537103,0.0307616681685
3502000,-62.0108291165,282.686281663,0.0307616681685
3503000,-46.8038081371,261.416972634,0.0307616681685
3504000,-68.7381708746,261.80850857,0.0307616681685
3505000,-37.9928044642,307.169279254,0.0307616681685
3506000,-60.6852850486,301.261449433,0.0307616681685
3507000,-44.9236935549,194.527707754,0.0307616681685
3508000,-72.8103982277,279.090485953,0.0307616681685
3509000,-52.5264962562,318.711035828,0.0307616681685
3510000,-46.7299051064,250.017805311,0.0307616681685
3511000,-50.0456275175,264.861804673,0.0307616681685
3512000,-58.4146054205,390.59426778,0.0307616681685
3513000,-46.2607433555,272.153708415,0.0307616681685
3514000,-81.3252288515,281.884085873,0.0307616681685
3515000,-79.8606870997,199.435154944,0.0307616681685
3516000,-70.5907218286,276.370569005,0.0307616681685
3517000,-79.0937340396,290.336125867,0.0307616681685
3518000,-47.5607622579,277.547909492,0.0307616681685
3519000,-30.955492782,258.80701654,0.0307616681685
3520000,-20.4880188255,350.824419428,0.0307616681685
3521000,-40.9203396278,181.781224943,0.0307616681685
3522000,-47.6070042739,322.622955571,0.0307616681685
3523000,-76.1051424144,248.827505313,0.0307616681685
3524000,-58.3357857635,295.967572145,0.0307616681685
3525000,-40.9585706007,311.66843825,0.0307616681685
3526000,-63.3362023225,296.867007643,0.0307616681685
3527000,-35.3089752205,319.660268471,0.0307616681685
3528000,-39.1347341771,185.310716665,0.0307616681685
3529000,-53.6861053982,277.80401471,0.0307616681685
3530000,-52.7864442524,251.62698144,0.0307616681685
3531000,-52.7896417581,369.672620073,0.0307616681685
3532000,-51.2049334213,345.177800526,0.0307616681685
3533000,-55.0288557116,327.0428866,0.0307616681685
3534000,-32.0783810832,387.877730091,0.0307616681685
3535000,-43.1085396491,303.858175059,0.0307616681685
3536000,-69.9053357573,304.689773675,0.0307616681685
3537000,-11.39005788,212.782989615,0.0307616681685
3538000,-34.0319300962,306.321203059,0.0307616681685
3539000,-48.2368898021,335.323775859,0.0307616681685
3540000,-47.093600599,329.319433276,0.0307616681685
3541000,-53.5768609522,260.449305364,0.0307616681685
3542000,-52.388653929,273.883853863,0.0307616681685
3543000,-55.1524460405,311.425542163,0.0307616681685
3544000,-45.1340795501,335.66353012,0.0307616681685
3545000,-31.0649683821,314.786822943,0.0307616681685
3546000,-61.2068993208,290.823570067,0.0307616681685
3547000,-61.554432051,273.008808025,0.0307616681685
3548000,-42.6690459193,231.23727381,0.0307616681685
3549000,-18.5217726116,247.126633181,0.0307616681685
3550000,-73.8710645663,308.97487225,0.0307616681685
3551000,-74.3245723787,326.622277511,0.0307616681685
3552000,-59.357208769,301.662968284,0.0307616681685
3553000,-57.1514492337,262.902239465,0.0307616681685
3554000,-72.472576102,255.64916438,0.0307616681685
3555000,-31.2690339916,291.775549464,0.0307616681685
3556000,-40.4053444881,287.946063645,0.0307616681685
3557000,-43.2719771975,341.503662363,0.0307616681685
3558000,-24.9801781313,269.847525627,0.0307616681685
3559000,-21.330877476,283.197906206,0.0307616681685
3560000,-27.6475991089,294.772121511,0.0307616681685
3561000,-43.7083193111,330.947300858,0.0307616681685
3562000,-49.6720015542,265.784215616,0.0307616681685
3563000,-49.6212882722,218.128748624,0.0307616681685
3564000,-54.009453017,274.986840844,0.0307616681685
3565000,-72.4679396519,335.51064874,0.0307616681685
3566000,-51.3105014445,259.34651073,0.0307616681685
3567000,-90.2890887732,340.34996359,0.0307616681685
3568000,-62.3539598587,349.21594239,0.0307616681685
3569000,-58.088815001,321.232701695,0.0307616681685
3570000,-30.2170344621,285.683800985,0.0307616681685
3571000,-29.4903843827,355.87724145,0.0307616681685
3572000,-42.5852721547,375.068564137,0.0307616681685
3573000,-5.70380851353,316.161855459,0.0307616681685
3574000,-28.4489007488,326.21733637,0.0307616681685
3575000,-60.6733460109,258.331155162,0.0307616681685
3576000,-64.2762529265,222.378271376,0.0307616681685
3577000,-73.839006881,333.278506316,0.0307616681685
3578000,-71.0766026152,324.707654234,0.0307616681685
3579000,-69.5049168537,359.072916308,0.0307616681685
3580000,-59.9409491133,297.269578289,0.0307616681685
3581000,-47.9812712741,291.339808245,0.0307616681685
3582000,-52.6954180314,307.903617481,0.0307616681685
3583000,-45.1287382547,310.665800553,0.0307616681685
3584000,-47.3592274402,319.010962184,0.0307616681685
3585000,-63.4272025991,199.510311051,0.0307616681685
3586000,-76.0312967405,309.753803566,0.0307616681685
3587000,-56.0714120245,313.001904573,0.0307616681685
3588000,-21.8323701419,260.785298659,0.0307616681685
3589000,-61.656926452,262.862362025,0.0307616681685
3590000,-27.3133448771,323.981333445,0.0307616681685
3591000,-58.4577327249,361.032125961,0.0307616681685
3592000,-40.975802609,352.486302321,0.0307616681685
3593000,-63.1636979379,386.980711141,0.0307616681685
3594000,-77.8986889468,374.355457375,0.0307616681685
3595000,-19.4466124245,192.052750304,0.0307616681685
3596000,-58.6404248247,275.730992909,0.0307616681685
3597000,-68.7214011258,345.774100581,0.0307616681685
3598000,-57.4377180096,267.670052499,0.0307616681685
3599000,-48.2322541558,285.078486502,0.0307616681685
3600000,-59.6526661985,236.483736541,0.0307616681685
3601000,-71.8573411978,321.634885577,0.0307616681685
3602000,-56.6873442266,286.259917727,0.0307616681685
3603000,-32.600699878,240.055173015,0.0307616681685
3604000,-66.1567234026,247.318002545,0.0307616681685
3605000,-60.5125528388,280.646674523,0.0307616681685
3606000,-67.841317023,347.174188803,0.0307616681685
3607000,-75.4038898496,302.9268421,0.0307616681685
3608000,-42.2770163019,258.687287367,0.0307616681685
3609000,-51.3349814763,284.050432253,0.0307616681685
3610000,-51.7990588527,385.215213783,0.0307616681685
3611000,-50.8015261516,393.640320563,0.0307616681685
3612000,-76.7522855208,279.183647521,0.0307616681685
3613000,-42.4344048218,270.496535266,0.0307616681685
3614000,-54.1243375472,339.964746403,0.0307616681685
3615000,-50.5616313189,399.44709667,0.0307616681685
3616000,-50.2032861724,369.994704303,0.0307616681685
3617000,-23.071264618,340.19726192,0.0307616681685
3618000,-36.2207776087,336.529663325,0.0307616681685
3619000,-37.2059389032,300.58470852,0.0307616681685
3620000,-52.4938085594,288.014715475,0.0307616681685
3621000,-78.702461098,307.259166074,0.0307616681685
3622000,-59.9256115053,288.103139019,0.0307616681685
3623000,-77.1496908808,342.682992032,0.0307616681685
3624000,-62.7500709267,268.538295091,0.0307616681685
3625000,-76.8269507103,341.308523349,0.0307616681685
3626000,-67.8752701778,309.113064106,0.0307616681685
3627000,-44.2511575952,283.487662673,0.0307616681685
3628000,-41.9113586721,274.375715475,0.0307616681685
3629000,-80.1196456774,276.003080145,0.0307616681685
3630000,-49.7505707933,305.026932482,0.0307616681685
3631000,-85.0781869873,357.894692647,0.0307616681685
3632000,-64.5966627757,214.645541824,0.0307616681685
3633000,-58.7552692507,235.81580669,0.0307616681685
3634000,-90.6591645793,353.086198145,0.0307616681685
3635000,-63.6005054946,279.544238952,0.0307616681685
3636000,-57.9413710837,338.421482813,0.0307616681685
3637000,-53.93725129,337.588244185,0.0307616681685
3638000,-49.9110880178,360.493638124,0.0307616681685
3639000,-58.9551222191,319.598839818,0.0307616681685
3640000,-44.1361541333,270.553933733,0.0307616681685
3641000,-72.979966708,287.192291974,0.0307616681685
3642000,-60.3188040026,284.542355147,0.0307616681685
3643000,-46.9106536017,301.221393787,0.0307616681685
3644000,-59.2162928878,286.56548205,0.0307616681685
3645000,-44.6063386785,338.505666547,0.0307616681685
3646000,-41.9526741711,273.625239624,0.0307616681685
3647000,-50.7540207909,368.588040521,0.0307616681685
3648000,-51.0770663018,387.354058505,0.0307616681685
3649000,-53.0213973887,333.316303064,0.0307616681685
3650000,-52.4651177188,277.448921082,0.0307616681685
3651000,-53.3661537567,395.964187601,0.0307616681685
3652000,-46.8908541797,357.238451755,0.0307616681685
3653000,-34.8794341291,334.422808323,0.0307616681685
3654000,-51.2851868678,359.838040817,0.0307616681685
3655000,-71.6693727995,344.168955661,0.0307616681685
3656000,-90.0208298386,283.31463816,0.0307616681685
3657000,-68.4150670512,326.665903509,0.0307616681685
3658000,-52.2241142065,285.4751603,0.0307616681685
3659000,-51.5326505898,306.074045347,0.0307616681685
3660000,-52.7487914746,250.778646372,0.0307616681685
3661000,-45.9446087617,275.769583331,0.0307616681685
3662000,-57.1898933952,372.160087943,0.0307616681685
3663000,-41.0627186127,325.407665632,0.0307616681685
3664000,-74.9067912145,295.185068831,0.0307616681685
3665000,-58.670187338,272.019223362,0.0307616681685
3666000,-78.2414646911,264.415917548,0.0307616681685
3667000,-75.3594378598,314.635782659,0.0307616681685
3668000,-51.5247617262,372.924634233,0.0307616681685
3669000,-17.4352123241,269.426543626,0.0307616681685
3670000,-30.1426419222,291.711828121,0.0307616681685
3671000,-59.6093830606,364.125213434,0.0307616681685
3672000,-27.0256642258,366.042567186,0.0307616681685
3673000,-66.5541559642,381.804700702,0.0307616681685
3674000,-26.4290642522,310.197618123,0.0307616681685
3675000,-34.369557982,341.70223486,0.0307616681685
3676000,-37.582195852,336.994345663,0.0307616681685
3677000,-56.2991421422,289.282212463,0.0307616681685
3678000,-72.7137462774,382.857243036,0.0307616681685
3679000,-72.6843206504,247.857718192,0.0307616681685
3680000,-66.3725448788,431.06001044,0.0307616681685
3681000,-35.4135720927,258.705681361,0.0307616681685
3682000,-55.6234712585,273.664212524,0.0307616681685
3683000,-76.3188100792,255.947278248,0.0307616681685
3684000,-63.0502375451,283.677849438,0.0307616681685
3685000,-53.3288602,188.796675602,0.0307616681685
3686000,-41.8555502498,210.860082535,0.0307616681685
3687000,-51.9676838701,326.115017385,0.0307616681685
3688000,-37.3965964383,302.684056371,0.0307616681685
3689000,-37.3018375582,252.619577472,0.0307616681685
3690000,-68.2985115435,339.411087181,0.0307616681685
3691000,-38.5091428458,290.540528673,0.0307616681685
3692000,-61.9446993071,299.989152933,0.0307616681685
3693000,-70.028892796,320.196796236,0.0307616681685
3694000,-42.7448863803,201.348029395,0.0307616681685
3695000,-53.1187789901,299.494333126,0.0307616681685
3696000,-73.7051682948,307.026501418,0.0307616681685
3697000,-60.5053967948,341.905759201,0.0307616681685
3698000,-49.6659198181,364.430656962,0.0307616681685
3699000,-39.2033557957,310.468227188,0.0307616681685
3700000,-67.7188765045,381.794988201,0.0307616681685
3701000,-37.4393848433,214.783427528,0.0307616681685
3702000,-75.3135140624,329.723306302,0.0307616681685
3703000,-49.4759038773,325.635637307,0.0307616681685
3704000,-65.5519804376,346.577113641,0.0307616681685
3705000,-68.6014048179,274.34280249,0.0307616681685
3706000,-71.8396437655,292.08526833,0.0307616681685
3707000,-47.3960493301,237.86343052,0.0307616681685
3708000,-53.9225818189,263.857439494,0.0307616681685
3709000,-79.1129504039,311.003524829,0.0307616681685
3710000,-81.8224811126,318.199457528,0.0307616681685
3711000,-63.2161583898,321.594176015,0.0307616681685
3712000,-75.1448999733,294.485555125,0.0307616681685
3713000,-45.0139828209,189.83896599,0.0307616681685
3714000,-48.5852949751,339.90956855,0.0307616681685
3715000,-62.4427629951,279.515079369,0.0307616681685
3716000,-68.6462092988,268.376230992,0.0307616681685
3717000,-53.5841202926,263.859738714,0.0307616681685
3718000,-57.9084512993,271.556806546,0.0307616681685
3719000,-47.5214398867,269.503449661,0.0307616681685
3720000,-27.6106517641,338.893260072,0.0307616681685
3721000,-47.1310755036,388.061311752,0.0307616681685
3722000,-45.9184095539,345.695317549,0.0307616681685
3723000,-68.5076103584,278.991965578,0.0307616681685
3724000,-76.0767955263,238.805672266,0.0307616681685
3725000,-93.1913694292,267.212659986,0.0307616681685
3726000,-78.9834847045,239.982753537,0.0307616681685
3727000,-86.0355078609,230.272547599,0.0307616681685
3728000,-83.4147470885,271.189647176,0.0307616681685
3729000,-59.7275962461,291.219209376,0.0307616681685
3730000,-40.1782121962,301.810116181,0.0307616681685
3731000,-63.0811956183,256.742207696,0.0307616681685
3732000,-71.2545635383,350.217551219,0.0307616681685
3733000,-28.6300963473,283.991942391,0.0307616681685
3734000,-64.8621794517,355.88447132,0.0307616681685
3735000,-37.2509906132,246.545994876,0.0307616681685
3736000,-36.0250377933,306.354344473,0.0307616681685
3737000,-55.9557666414,269.692207482,0.0307616681685
3738000,-45.3845330394,261.24334726,0.0307616681685
3739000,-81.6071178655,268.344734375,0.0307616681685
3740000,-61.4448092773,279.6923488,0.0307616681685
3741000,-59.8522553274,337.284363719,0.0307616681685
3742000,-66.8124812627,330.015864763,0.0307616681685
3743000,-57.9157303516,282.523441845,0.0307616681685
3744000,-46.3639833335,291.44436153,0.0307616681685
3745000,-50.8270658456,256.235679769,0.0307616681685
3746000,-43.0219550422,203.529841292,0.0307616681685
3747000,-84.7294357919,334.961763018,0.0307616681685
3748000,-69.228821538,266.001135183,0.0307616681685
3749000,-65.0673179216,291.047992339,0.0307616681685
3750000,-35.5221162652,229.145970236,0.0307616681685
3751000,-75.4342915056,267.063368333,0.0307616681685
3752000,-67.0816541315,313.246542789,0.0307616681685
3753000,-78.5315099667,333.880215599,0.0307616681685
3754000,-66.5256425364,203.068676965,0.0307616681685
3755000,-73.8098893511,269.633086449,0.0307616681685
3756000,-35.2593767839,246.900685288,0.0307616681685
3757000,-69.6119397865,316.370373207,0.0307616681685
3758000,-58.0358435999,257.745472057,0.0307616681685
3759000,-84.3436885423,322.311967512,0.0307616681685
3760000,-51.573935806,336.425915547,0.0307616681685
3761000,-45.4937611481,333.491541977,0.0307616681685
3762000,-69.353016884,335.397619843,0.0307616681685
3763000,-57.1104008329,295.785846669,0.0307616681685
3764000,-66.4726506222,289.103262501,0.0307616681685
3765000,-72.6258686848,302.55945897,0.0307616681685
3766000,-51.9214112372,270.54423383,0.0307616681685
3767000,-68.2891922794,242.810151742,0.0307616681685
3768000,-85.7770694935,279.977677207,0.0307616681685
3769000,-74.4851574027,317.175146027,0.0307616681685
3770000,-30.5946304649,205.777585582,0.0307616681685
3771000,-59.212868591,319.472304814,0.0307616681685
3772000,-68.0532408494,384.808389562,0.0307616681685
3773000,-49.4690024193,348.606189433,0.0307616681685
3774000,-78.6241483951,350.914870095,0.0307616681685
3775000,-68.1216269722,297.013045268,0.0307616681685
3776000,-65.5161437563,382.69171657,0.0307616681685
3777000,-52.2725831106,218.114937264,0.0307616681685
3778000,-55.3424029697,296.135329901,0.0307616681685
3779000,-13.063336095,234.707769272,0.0307616681685
3780000,-62.6330752831,387.714238212,0.0307616681685
3781000,-37.7357396052,240.450262389,0.0307616681685
3782000,-54.5034740795,392.138390499,0.0307616681685
3783000,-51.4346580341,401.967024834,0.0307616681685
3784000,-51.8798547192,283.888217091,0.0307616681685
3785000,-68.8191399344,296.103147075,0.0307616681685
3786000,-58.4133740525,263.333650372,0.0307616681685
3787000,-59.4910623976,338.27552206,0.0307616681685
3788000,-37.0900063984,245.428478756,0.0307616681685
3789000,-67.0611819184,245.344512699,0.0307616681685
3790000,-62.2039714452,302.58970683,0.0307616681685
3791000,-62.8407388142,309.881639749,0.0307616681685
3792000,-58.0828068435,300.831237216,0.0307616681685
3793000,-70.7925663458,287.772351939,0.0307616681685
3794000,-66.454698497,292.736363694,0.0307616681685
3795000,-47.9940082999,286.640564346,0.0307616681685
3796000,-47.2782657875,231.604161081,0.0307616681685
3797000,-73.3798140658,260.618526016,0.0307616681685
3798000,-50.3942902518,293.784486561,0.0307616681685
3799000,-33.1414095359,321.822753645,0.0307616681685
3800000,-46.8731355711,257.001348954,0.0307616681685
3801000,-46.9774684779,267.566795638,0.0307616681685
3802000,-43.6175786876,189.226616608,0.0307616681685
3803000,-63.9384383411,288.503025907,0.0307616681685
3804000,-56.5561430707,212.695010077,0.0307616681685
3805000,-54.8077939218,308.46352477,0.0307616681685
3806000,-49.7127626487,329.189315604,0.0307616681685
3807000,-67.7410349361,297.720974546,0.0307616681685
3808000,-77.7658493282,314.096246357,0.0307616681685
3809000,-70.6800630215,279.852160502,0.0307616681685
3810000,-68.0239382477,286.982978551,0.0307616681685
3811000,-41.0930325272,209.662130622,0.0307616681685
3812000,-72.1016947515,322.599391733,0.0307616681685
3813000,-55.9775601662,297.349133048,0.0307616681685
3814000,-55.0800892396,335.108600721,0.0307616681685
3815000,-50.5887565966,346.906284856,0.0307616681685
3816000,-45.1614880901,261.686985927,0.0307616681685
3817000,-58.6307824601,290.118151307,0.0307616681685
3818000,-72.105697419,368.609800356,0.0307616681685
3819000,-63.2926718097,333.091959644,0.0307616681685
3820000,-36.8420774616,331.92036341,0.0307616681685
3821000,-61.7322036555,338.839842805,0.0307616681685
3822000,-30.5115762466,282.636083097,0.0307616681685
3823000,-69.0158057232,306.100054394,0.0307616681685
3824000,-35.5192016592,393.45492801,0.0307616681685
3825000,-58.8798063473,303.899791577,0.0307616681685
3826000,-41.8344403832,297.074705781,0.0307616681685
3827000,-58.9991210533,342.376867312,0.0307616681685
3828000,-90.458534917,319.653818355,0.0307616681685
3829000,-39.6706361954,246.711706492,0.0307616681685
3830000,-64.3459595894,279.261368069,0.0307616681685
3831000,-56.343674375,299.280785192,0.0307616681685
3832000,-53.7773138689,252.71670205,0.0307616681685
3833000,-65.8092470831,389.893029308,0.0307616681685
3834000,-56.9291152671,392.976339637,0.0307616681685
3835000,-63.3116846153,268.022956199,0.0307616681685
3836000,-35.1342811265,375.76140362,0.0307616681685
3837000,-40.0361404346,289.878845784,0.0307616681685
3838000,-36.3537164716,359.366013986,0.0307616681685
3839000,-61.0535782416,333.759095496,0.0307616681685
3840000,-49.9233357897,218.058413515,0.0307616681685
3841000,-79.1441038666,303.126671126,0.0307616681685
3842000,-58.3394774648,261.684970282,0.0307616681685
3843000,-65.4508265156,280.789249533,0.0307616681685
3844000,-63.4322823262,256.739807374,0.0307616681685
3845000,-26.0456273454,324.389534036,0.0307616681685
3846000,-62.3373044592,307.261999942,0.0307616681685
3847000,-61.4831793692,268.137981475,0.0307616681685
3848000,-83.4912876989,227.934081942,0.0307616681685
3849000,-80.5770713723,246.210947413,0.0307616681685
3850000,-82.6096641044,230.092617125,0.0307616681685
3851000,-52.5486926734,281.746420489,0.0307616681685
3852000,-60.2749783014,287.586406972,0.0307616681685
3853000,-55.6532932927,279.510983146,0.0307616681685
3854000,-57.0327173815,353.160758283,0.0307616681685
3855000,-50.8088472296,364.663816553,0.0307616681685
3856000,-67.0634249529,306.693306416,0.0307616681685
3857000,-72.9734447961,266.493951151,0.0307616681685
3858000,-67.5819506879,296.693458359,0.0307616681685
3859000,-26.7570244484,410.707187072,0.0307616681685
3860000,-42.4444320819,296.363447524,0.0307616681685
3861000,-30.217490817,222.023942115,0.0307616681685
3862000,-70.8327989841,203.73058049,0.0307616681685
3863000,-78.4576687859,204.497375572,0.0307616681685
3864000,-65.7731818508,288.865910061,0.0307616681685
3865000,-47.3773877812,386.303413297,0.0307616681685
3866000,-35.6833023809,232.071904217,0.0307616681685
3867000,-66.9520842376,253.10633691,0.0307616681685
3868000,-44.3561415788,239.662127743,0.0307616681685
3869000,-83.249374189,293.883725855,0.0307616681685
3870000,-73.6526339033,248.307789137,0.0307616681685
3871000,-67.3882474603,292.760433006,0.0307616681685
3872000,-69.3923393759,294.918722687,0.0307616681685
3873000,-51.6568333193,205.381210555,0.0307616681685
3874000,-79.9011343481,331.880069175,0.0307616681685
3875000,-61.1001378825,273.274612761,0.0307616681685
3876000,-52.1711838923,332.22141257,0.0307616681685
3877000,-57.5109052424,230.0732554,0.0307616681685
3878000,-65.2082872755,220.639844919,0.0307616681685
3879000,-58.9488662055,252.926842958,0.0307616681685
3880000,-67.9226260371,336.085935051,0.0307616681685
3881000,-49.2628290614,281.685022293,0.0307616681685
3882000,-22.8074886953,365.105302049,0.0307616681685
3883000,-58.9547841172,328.521975791,0.0307616681685
3884000,-43.2005223147,293.835117863,0.0307616681685
3885000,-48.958199613,319.4823867,0.0307616681685
3886000,-67.6699757847,278.539717275,0.0307616681685
3887000,-58.6274164921,312.311714121,0.0307616681685
3888000,-51.4623161412,343.091775613,0.0307616681685
3889000,-66.5709844216,351.622044489,0.0307616681685
3890000,-43.6000850214,296.132544908,0.0307616681685
3891000,-54.3870872432,273.155842344,0.0307616681685
3892000,-52.5275073102,293.639863479,0.0307616681685
3893000,-43.4049336549,281.011166028,0.0307616681685
3894000,-69.0518100216,271.301509799,0.0307616681685
3895000,-50.4467499386,361.360749682,0.0307616681685
3896000,-67.5983382627,362.909495135,0.0307616681685
3897000,-64.5344939095,263.310853784,0.0307616681685
3898000,-35.2066116137,248.959308051,0.0307616681685
3899000,-66.2745334843,245.344343956,0.0307616681685
3900000,-64.5357719499,260.77368319,0.0307616681685
3901000,-53.8867764004,270.590657211,0.0307616681685
3902000,-82.7630009179,335.948245919,0.0307616681685
3903000,-68.0092157467,279.430243158,0.0307616681685
3904000,-61.5315695832,307.658137399,0.0307616681685
3905000,-61.7717676884,366.876371534,0.0307616681685
3906000,-61.8549652095,340.279181218,0.0307616681685
3907000,-33.5931224311,311.19088488,0.0307616681685
3908000,-79.6383949027,347.871390537,0.0307616681685
3909000,-69.5163357182,306.171050401,0.0307616681685
3910000,-64.2719286324,287.600430676,0.0307616681685
3911000,-67.132906373,308.120705127,0.0307616681685
3912000,-52.9565971393,374.895247947,0.0307616681685
3913000,-55.8943133152,328.792836192,0.0307616681685
3914000,-46.2487996872,274.144363576,0.0307616681685
3915000,-68.5821055443,348.970804539,0.0307616681685
3916000,-57.5647448661,290.100655473,0.0307616681685
3917000,-65.9554627847,316.400173089,0.0307616681685
3918000,-54.6977547439,314.658263483,0.0307616681685
3919000,-47.6015331056,386.750391592,0.0307616681685
3920000,-47.4006264248,382.697359222,0.0307616681685
3921000,-42.5262197597,232.706660063,0.0307616681685
3922000,-34.8649592709,295.831744328,0.0307616681685
3923000,-50.7933244831,365.807875583,0.0307616681685
3924000,-58.5449892418,294.80501569,0.0307616681685
3925000,-56.5837029803,221.725592782,0.0307616681685
3926000,-55.497598689,274.201922371,0.0307616681685
3927000,-50.3360242526,265.985998492,0.0307616681685
3928000,-37.8406367705,301.75192038,0.0307616681685
3929000,-41.3518272858,207.560693106,0.0307616681685
3930000,-55.9493939645,299.876347194,0.0307616681685
3931000,-52.2339147903,201.040871201,0.0307616681685
3932000,-72.8807462207,280.61641649,0.0307616681685
3933000,-60.2328377712,236.232882904,0.0307616681685
3934000,-38.6145032776,215.132976138,0.0307616681685
3935000,-39.1106918066,371.728569589,0.0307616681685
3936000,-39.4433671859,361.157422914,0.0307616681685
3937000,-35.9656280009,310.591424031,0.0307616681685
3938000,-40.9733869953,401.499322573,0.0307616681685
3939000,-74.1870557718,352.942477628,0.0307616681685
3940000,-88.7823861519,327.045054936,0.0307616681685
3941000,-69.4537431328,301.508810868,0.0307616681685
3942000,-91.4242368861,336.979162482,0.0307616681685
3943000,-86.611815639,287.574757829,0.0307616681685
3944000,-69.5040565092,279.40019236,0.0307616681685
3945000,-63.6225282937,341.542634183,0.0307616681685
3946000,-61.2980744734,306.391813608,0.0307616681685
3947000,-58.653491579,277.80254297,0.0307616681685
3948000,-57.5289124777,269.949455363,0.0307616681685
3949000,-64.2249840902,287.946931221,0.0307616681685
3950000,-71.850052486,261.745919751,0.0307616681685
3951000,-73.4827214399,296.172282647,0.0307616681685
3952000,-62.6779081976,259.335862211,0.0307616681685
3953000,-61.9312346778,283.469664839,0.0307616681685
3954000,-51.6373545833,246.573124119,0.0307616681685
3955000,-77.1295316223,310.577752712,0.0307616681685
3956000,-50.7702425222,295.468132075,0.0307616681685
3957000,-48.1961314913,262.947895551,0.0307616681685
3958000,-67.7794674852,325.664592986,0.0307616681685
3959000,-73.9826933282,270.085168799,0.0307616681685
3960000,-79.4213569735,235.534590538,0.0307616681685
3961000,-36.5003825006,280.030509741,0.0307616681685
3962000,-39.0853509111,349.760875997,0.0307616681685
3963000,-71.8466618442,314.94847657,0.0307616681685
3964000,-39.0989921805,304.226602622,0.0307616681685
3965000,-35.2586941309,365.552850443,0.0307616681685
3966000,-47.5495042029,352.547962727,0.0307616681685
3967000,-47.3489974437,329.847170949,0.0307616681685
3968000,-45.0045529705,257.270780296,0.0307616681685
3969000,-45.5154231822,281.72136763,0.0307616681685
3970000,-43.5652868089,241.648355455,0.0307616681685
3971000,-74.888697086,353.575151723,0.0307616681685
3972000,-30.999457063,272.6135701,0.0307616681685
3973000,-38.3750663581,359.269449148,0.0307616681685
3974000,-11.7077243608,365.777368323,0.0307616681685
3975000,-14.4132977552,398.383703874,0.0307616681685
3976000,-43.2351009318,339.278822396,0.0307616681685
3977000,-65.0624305111,362.215587654,0.0307616681685
3978000,-18.6785832954,250.132174465,0.0307616681685
3979000,-52.8067791915,252.700433283,0.0307616681685
3980000,-34.0902668335,252.859650704,0.0307616681685
3981000,-71.4696447326,301.243194603,0.0307616681685
3982000,-35.5274787298,227.649097128,0.0307616681685
3983000,-63.1145415315,314.992030555,0.0307616681685
3984000,-72.2943452119,274.349106543,0.0307616681685
3985000,-51.9963175327,250.535646905,0.0307616681685
3986000,-45.6043555457,288.164928359,0.0307616681685
3987000,-45.5658264918,294.629600445,0.0307616681685
3988000,-54.9402084332,337.493528142,0.0307616681685
3989000,-56.690198172,285.425119606,0.0307616681685
3990000,-44.7543294492,254.363877306,0.0307616681685
3991000,-58.3449475942,269.149420248,0.0307616681685
3992000,-74.7054951324,316.006020826,0.0307616681685
3993000,-28.8920635681,177.74165063,0.0307616681685
3994000,-53.342655403,262.85506702,0.0307616681685
3995000,-74.2603535576,325.045541509,0.0307616681685
3996000,-61.950228967,255.794784636,0.0307616681685
3997000,-89.3351086979,275.875792705,0.0307616681685
3998000,-69.9755340085,276.852867699,0.0307616681685
3999000,-64.6171236981,251.328928135,0.0307616681685
4000000,-73.7984325648,270.576195311,0.0307616681685
4001000,-32.1030127018,252.628212529,0.0307616681685
4002000,-46.0104397984,207.141887862,0.0307616681685
4003000,-61.8948729861,266.27516795,0.0307616681685
4004000,-64.5852308218,276.13885608,0.0307616681685
4005000,-46.5096918803,267.558569642,0.0307616681685
4006000,-61.3057053903,282.886020602,0.0307616681685
4007000,-36.3099352339,227.934802194,0.0307616681685
4008000,-44.1916888981,298.333809142,0.0307616681685
4009000,-39.4450066523,240.021576282,0.0307616681685
4010000,-64.184670018,286.136202378,0.0307616681685
4011000,-51.9941596193,270.635365057,0.0307616681685
4012000,-84.1218074243,272.067869653,0.0307616681685
4013000,-66.7412587405,351.568329887,0.0307616681685
4014000,-55.1245095797,306.749780806,0.0307616681685
4015000,-67.7494364404,269.194076284,0.0307616681685
4016000,-69.7963601387,257.69026838,0.0307616681685
4017000,-46.3978098901,337.780370946,0.0307616681685
4018000,-59.6139366592,272.040482373,0.0307616681685
4019000,-60.0215043798,276.663756932,0.0307616681685
4020000,-62.533546322,345.208993728,0.0307616681685
4021000,-73.8025345936,261.998008819,0.0307616681685
4022000,-64.8406561434,247.500590548,0.0307616681685
4023000,-44.3120595422,339.407352175,0.0307616681685
4024000,-48.4673754771,311.90343733,0.0307616681685
4025000,-74.0876845206,346.660434663,0.0307616681685
4026000,-77.2436945218,318.692264434,0.0307616681685
4027000,-73.6207718377,266.027352737,0.0307616681685
4028000,-61.5326825205,298.47547016,0.0307616681685
4029000,-41.1511456877,241.915808764,0.0307616681685
4030000,-41.6109130482,259.875453306,0.0307616681685
4031000,-38.4492514334,271.428801328,0.0307616681685
4032000,-37.9343476046,296.136741877,0.0307616681685
4033000,-53.4311609847,268.183433861,0.0307616681685
4034000,-57.4087176843,244.531647454,0.0307616681685
4035000,-76.764637248,261.410370263,0.0307616681685
4036000,-79.3707103234,225.52441923,0.0307616681685
4037000,-67.1068124655,222.597284196,0.0307616681685
4038000,-44.674827572,285.023073655,0.0307616681685
4039000,-46.6204270704,286.791163153,0.0307616681685
4040000,-69.052199234,267.334875819,0.0307616681685
4041000,-80.7349736419,328.215965275,0.0307616681685
4042000,-61.6651996597,279.227056826,0.0307616681685
4043000,-69.6402248012,336.10914774,0.0307616681685
4044000,-48.1386617186,310.6575611,0.0307616681685
4045000,-65.2958162682,277.750201838,0.0307616681685
4046000,-79.4138003726,285.137746014,0.0307616681685
4047000,-44.8598974058,227.265495213,0.0307616681685
4048000,-81.4923246734,315.543491947,0.0307616681685
4049000,-56.0368983289,187.987631415,0.0307616681685
4050000,-57.9417042784,256.307552349,0.0307616681685
4051000,-87.0297453121,318.682873738,0.0307616681685
4052000,-85.4030295131,309.104912208,0.0307616681685
4053000,-68.1543294915,216.836325048,0.0307616681685
4054000,-58.9305406115,263.447064454,0.0307616681685
4055000,-52.7782099569,355.544825531,0.0307616681685
4056000,-40.8570255472,249.215832225,0.0307616681685
4057000,-56.9123459476,283.583540084,0.0307616681685
4058000,-38.0201610658,272.463426965,0.0307616681685
4059000,-60.9080196733,315.337212551,0.0307616681685
4060000,-65.9928237649,327.315413184,0.0307616681685
4061000,-86.8728646306,272.891842517,0.0307616681685
4062000,-67.9503332693,249.409099028,0.0307616681685
4063000,-40.4171997671,319.300888686,0.0307616681685
4064000,-48.4696164645,297.454638964,0.0307616681685
4065000,-60.8399019092,288.710543271,0.0307616681685
4066000,-83.1739106177,317.214969538,0.0307616681685
4067000,-33.5260627365,354.206242481,0.0307616681685
4068000,-39.0811142774,318.952952678,0.0307616681685
4069000,-35.8446352364,296.371136475,0.0307616681685
4070000,-21.9936038671,300.766325927,0.0307616681685
4071000,-42.344605022,264.511993288,0.0307616681685
4072000,-68.5578370179,248.257689235,0.0307616681685
4073000,-44.279686208,260.898323517,0.0307616681685
4074000,-30.7443019645,221.779337577,0.0307616681685
4075000,-72.2765671514,250.149828793,0.0307616681685
4076000,-50.0731339033,314.100266308,0.0307616681685
4077000,-53.9711751224,396.023827573,0.0307616681685
4078000,-42.8005184012,239.132527981,0.0307616681685
4079000,-50.5150278759,314.444588487,0.0307616681685
4080000,-43.3580562421,313.207783496,0.0307616681685
4081000,-36.7118685399,280.213491129,0.0307616681685
4082000,-29.0922758757,388.930725172,0.0307616681685
4083000,-38.0677427134,336.241091564,0.0307616681685
4084000,-36.068235103,298.74408402,0.0307616681685
4085000,-54.8680629902,281.430146832,0.0307616681685
4086000,-55.903523546,345.590687118,0.0307616681685
4087000,-34.6451019648,332.243984095,0.0307616681685
4088000,-31.6860271459,307.667728549,0.0307616681685
4089000,-77.3749240709,387.689833134,0.0307616681685
4090000,-66.0144702167,289.874224989,0.0307616681685
4091000,-65.9213862856,303.543062259,0.0307616681685
4092000,-56.8757853285,286.148124713,0.0307616681685
4093000,-35.8704821159,265.764837387,0.0307616681685
4094000,-49.9167620028,250.756784767,0.0307616681685
4095000,-57.9469027323,260.234986344,0.0307616681685
4096000,-57.0124861382,232.824610969,0.0307616681685
4097000,-61.3223016128,274.813873188,0.0307616681685
4098000,-52.6715273834,315.08694694,0.0307616681685
4099000,-56.7610104357,325.490393943,0.0307616681685
4100000,-51.4164537359,367.447610415,0.0307616681685
4101000,-22.9896818599,286.922334971,0.0307616681685
4102000,-46.6546918806,376.066024917,0.0307616681685
4103000,-49.7102194891,415.189312382,0.0307616681685
4104000,-49.8894368363,221.853522479,0.0307616681685
4105000,-43.2299445464,331.668650933,0.0307616681685
4106000,-75.4102128475,267.463630644,0.0307616681685
4107000,-69.0208442516,304.320102858,0.0307616681685
4108000,-49.5205267214,268.73001707,0.0307616681685
4109000,-77.792615207,343.631541676,0.0307616681685
4110000,-79.9637210256,374.726285072,0.0307616681685
4111000,-50.1957674586,358.784414202,0.0307616681685
4112000,-36.7831481558,354.04248239,0.0307616681685
4113000,-47.6026847228,364.56113394,0.0307616681685
4114000,-30.4833310029,271.181981154,0.0307616681685
4115000,-32.8179329067,298.911332983,0.0307616681685
4116000,-46.9667111558,360.824677213,0.0307616681685
4117000,-61.7903056914,280.730987791,0.0307616681685
4118000,-61.9309493027,293.450016927,0.0307616681685
4119000,-64.0387315092,338.852501989,0.0307616681685
4120000,-64.4464081146,320.278262242,0.0307616681685
4121000,-47.570598896,293.524746946,0.0307616681685
4122000,-42.1239453202,300.358643882,0.0307616681685
4123000,-48.8547881198,258.007350815,0.0307616681685
4124000,-50.2349392007,385.694393091,0.0307616681685
4125000,-34.2558901832,338.021773565,0.0307616681685
4126000,-48.6835784704,397.627287674,0.0307616681685
4127000,-61.609920591,459.208549735,0.0307616681685
4128000,-56.5589802527,406.692603196,0.0307616681685
4129000,-39.1180035084,331.270233509,0.0307616681685
4130000,-46.453565018,284.720401516,0.0307616681685
4131000,-77.1331981791,306.240594497,0.0307616681685
4132000,-48.3432933414,283.03139151,0.0307616681685
4133000,-32.2329819206,250.849979014,0.0307616681685
4134000,-59.9227928564,276.055064339,0.0307616681685
4135000,-67.1216620567,270.521750624,0.0307616681685
4136000,-43.7507069106,294.12066999,0.0307616681685
4137000,-40.5647102228,377.354437153,0.0307616681685
4138000,-72.1021477025,357.919612009,0.0307616681685
4139000,-59.3113276421,326.582771993,0.0307616681685
4140000,-41.6023995648,321.066089232,0.0307616681685
4141000,-71.3544244077,273.449628324,0.0307616681685
4142000,-32.2007733278,318.440738607,0.0307616681685
4143000,-51.2681691481,271.197451267,0.0307616681685
4144000,-70.7222229089,291.795792149,0.0307616681685
4145000,-69.2798962657,246.830778025,0.0307616681685
4146000,-58.0824901702,314.411680394,0.0307616681685
4147000,-67.5278405319,342.103225198,0.0307616681685
4148000,-37.3497426403,212.434416681,0.0307616681685
4149000,-28.3125702434,372.836342314,0.0307616681685
4150000,-27.7987302404,339.110207055,0.0307616681685
4151000,-59.1976467793,403.867479332,0.0307616681685
4152000,-48.4089760228,367.464989581,0.0307616681685
4153000,-53.7861821353,317.956562977,0.0307616681685
4154000,-50.7033107551,316.984115325,0.0307616681685
4155000,-41.2793029143,297.119098582,0.0307616681685
4156000,-61.3810422693,294.727976702,0.0307616681685
4157000,-71.7118222039,421.110396567,0.0307616681685
4158000,-59.2188321106,322.490159411,0.0307616681685
4159000,-49.882764317,278.948265275,0.0307616681685
4160000,-43.556863911,233.351082859,0.0307616681685
4161000,-65.1116808012,279.635965297,0.0307616681685
4162000,-89.6445092095,302.325417229,0.0307616681685
4163000,-49.1184029874,222.850188652,0.0307616681685
4164000,-37.081765149,332.630559164,0.0307616681685
4165000,-50.422897033,305.078139513,0.0307616681685
4166000,-55.7249876646,303.418801547,0.0307616681685
4167000,-66.6826123152,305.329901885,0.0307616681685
4168000,-67.1773018196,320.911983467,0.0307616681685
4169000,-75.7761618413,333.812440638,0.0307616681685
4170000,-38.2109959245,272.216325722,0.0307616681685
4171000,-56.3036862732,322.722995546,0.0307616681685
4172000,-44.3404731155,332.241954846,0.0307616681685
4173000,-49.271636602,285.903541952,0.0307616681685
4174000,-48.7685645553,270.764992613,0.0307616681685
4175000,-66.9171490399,360.362459549,0.0307616681685
4176000,-54.5953109448,295.792796798,0.0307616681685
4177000,-69.7018292994,290.670192237,0.0307616681685
4178000,-43.9662494688,254.504834736,0.0307616681685
4179000,-56.5360622391,391.991836951,0.0307616681685
4180000,-32.3145526437,307.165172975,0.0307616681685
4181000,-31.7335729199,321.02045702,0.0307616681685
4182000,-43.731335557,334.842246931,0.0307616681685
4183000,-47.7587589325,321.614514931,0.0307616681685
4184000,-69.7597100455,433.296699251,0.0307616681685
4185000,-47.1836777312,287.784092429,0.0307616681685
4186000,-64.2457424652,265.361396413,0.0307616681685
4187000,-66.4913747823,198.034744169,0.0307616681685
4188000,-59.9881832476,233.571059266,0.0307616681685
4189000,-79.3789602285,263.35501421,0.0307616681685
4190000,-63.2774539082,243.387705224,0.0307616681685
4191000,-52.6109866456,222.131139884,0.0307616681685
4192000,-53.5533186118,307.375729067,0.0307616681685
4193000,-64.9117877764,263.606227241,0.0307616681685
4194000,-18.1038307482,273.336699501,0.0307616681685
4195000,-42.0292894733,376.517681816,0.0307616681685
4196000,-40.5077084712,355.004648514,0.0307616681685
4197000,-46.7033593395,252.877976532,0.0307616681685
4198000,-59.9345836042,246.257631873,0.0307616681685
4199000,-53.3239684872,252.443442945,0.0307616681685
4200000,-50.4648581382,283.628406481,0.0307616681685
4201000,-67.9825949453,233.105371984,0.0307616681685
4202000,-75.5436137142,246.480111902,0.0307616681685
4203000,-49.7399778636,245.795408997,0.0307616681685
4204000,-66.5546057619,311.393121355,0.0307616681685
4205000,-52.0288130394,267.043234024,0.0307616681685
4206000,-60.7284847316,248.50405596,0.0307616681685
4207000,-62.2232554519,264.846851767,0.0307616681685
4208000,-67.7920248697,239.555634268,0.0307616681685
4209000,-25.8990956476,316.200262321,0.0307616681685
4210000,-48.3658757652,308.274943732,0.0307616681685
4211000,-39.1108628527,275.619839487,0.0307616681685
4212000,-33.6519360851,281.81223753,0.0307616681685
4213000,-41.1732524187,322.207052562,0.0307616681685
4214000,-81.8637935875,408.088792355,0.0307616681685
4215000,-74.5930328273,298.818934443,0.0307616681685
4216000,-80.8466068775,254.940828039,0.0307616681685
4217000,-59.8813124407,253.721530995,0.0307616681685
4218000,-67.0685062198,228.105542511,0.0307616681685
4219000,-65.9508103105,213.907885345,0.0307616681685
4220000,-73.192112943,319.930214945,0.0307616681685
4221000,-58.0733123632,261.053283381,0.0307616681685
4222000,-54.2718798317,325.554306938,0.0307616681685
4223000,-64.7337836126,260.154131601,0.0307616681685
4224000,-25.5645137068,244.903563333,0.0307616681685
4225000,-48.3139306423,321.852587146,0.0307616681685
4226000,-33.502364519,302.124017037,0.0307616681685
4227000,-64.1593336584,351.31789719,0.0307616681685
4228000,-55.8017195817,258.92836119,0.0307616681685
4229000,-44.5948262414,284.760703538,0.0307616681685
4230000,-51.0596925776,268.061624799,0.0307616681685
4231000,-51.7276910172,334.491549553,0.0307616681685
4232000,-62.3012148165,350.490074653,0.0307616681685
4233000,-67.524152507,343.130880391,0.0307616681685
4234000,-73.6479151734,409.708056139,0.0307616681685
4235000,-80.3297844859,300.24872295,0.0307616681685
4236000,-60.5431573575,294.336713807,0.0307616681685
4237000,-62.0237353214,402.709820172,0.0307616681685
4238000,-67.0232952371,430.068332753,0.0307616681685
4239000,-62.7241320126,318.460992694,0.0307616681685
4240000,-71.0237136153,309.613096095,0.0307616681685
4241000,-46.8767717156,236.464077762,0.0307616681685
4242000,-80.2333591338,294.358760289,0.0307616681685
4243000,-81.4943226703,288.019795976,0.0307616681685
4244000,-56.9495159908,248.076849803,0.0307616681685
4245000,-52.0654092872,286.373614695,0.0307616681685
4246000,-57.2059106661,273.557352361,0.0307616681685
4247000,-54.8772692723,298.894871522,0.0307616681685
4248000,-60.6070678597,333.736284198,0.0307616681685
4249000,-55.8942877571,275.79985943,0.0307616681685
4250000,-73.9082300412,340.223061739,0.0307616681685
4251000,-63.7776428392,337.044099644,0.0307616681685
4252000,-59.9539160416,294.63641907,0.0307616681685
4253000,-68.3359588186,334.482911261,0.0307616681685
4254000,-52.8297061111,402.720742466,0.0307616681685
4255000,-55.8446965379,319.619131512,0.0307616681685
4256000,-74.5886018079,366.231820175,0.0307616681685
4257000,-36.2184058893,320.073247341,0.0307616681685
4258000,-75.5646226673,343.435033542,0.0307616681685
4259000,-58.5277635082,319.851854874,0.0307616681685
4260000,-36.273221576,282.795609857,0.0307616681685
4261000,-69.2415435579,318.035763559,0.0307616681685
4262000,-62.9423987956,310.759582132,0.0307616681685
4263000,-42.1008142126,330.164655813,0.0307616681685
4264000,-62.9206891034,381.88274982,0.0307616681685
4265000,-65.379052173,270.384013166,0.0307616681685
4266000,-49.4202115248,338.438031953,0.0307616681685
4267000,-69.6420958988,193.983624982,0.0307616681685
4268000,-67.3311639795,216.912181408,0.0307616681685
4269000,-66.7530599893,312.124057473,0.0307616681685
4270000,-48.8702534429,269.076134259,0.0307616681685
4271000,-42.3010418451,238.699012535,0.0307616681685
4272000,-51.5741216065,406.175859633,0.0307616681685
4273000,-38.9591851096,310.571808275,0.0307616681685
4274000,-49.4587423064,410.655167591,0.0307616681685
4275000,-51.0252712835,326.898150312,0.0307616681685
4276000,-69.1866693733,285.069565982,0.0307616681685
4277000,-38.8866506867,267.868804413,0.0307616681685
4278000,-60.7798663669,269.80769262,0.0307616681685
4279000,-50.3085294944,272.491143518,0.0307616681685
4280000,-43.8664728257,273.744210778,0.0307616681685
4281000,-30.6666420856,397.710045197,0.0307616681685
4282000,-60.6933847447,341.369600302,0.0307616681685
4283000,-52.6479864328,350.500850976,0.0307616681685
4284000,-63.2239674904,340.692890163,0.0307616681685
4285000,-70.363907139,246.828682907,0.0307616681685
4286000,-40.6495043932,261.634884359,0.0307616681685
4287000,-59.4143534834,346.198792504,0.0307616681685
4288000,-62.9937374071,334.532672272,0.0307616681685
4289000,-77.979198056,235.734581684,0.0307616681685
4290000,-79.5016984692,231.934429491,0.0307616681685
4291000,-61.5497384073,275.502460218,0.0307616681685
4292000,-64.6431509105,291.843693035,0.0307616681685
4293000,-38.0560914775,306.248723497,0.0307616681685
4294000,-53.4584667305,286.915368588,0.0307616681685
4295000,-55.2101981928,292.887838107,0.0307616681685
4296000,-50.4971237705,284.323854611,0.0307616681685
4297000,-58.2451859076,251.711964889,0.0307616681685
4298000,-56.5606626245,281.864129902,0.0307616681685
4299000,-27.6253041811,236.643421515,0.0307616681685
4300000,-71.9834551397,271.353055892,0.0307616681685
4301000,-70.8207103659,296.200705312,0.0307616681685
4302000,-75.3037554474,347.654636961,0.0307616681685
4303000,-67.6713130966,272.254112982,0.0307616681685
4304000,-63.0160840367,278.775595268,0.0307616681685
4305000,-58.1837390216,306.507125399,0.0307616681685
4306000,-53.3834341217,268.088697461,0.0307616681685
4307000,-74.8602974119,426.485004833,0.0307616681685
4308000,-74.9769455477,405.989580254,0.0307616681685
4309000,-69.0434130036,315.639423141,0.0307616681685
4310000,-71.0113343178,353.093136281,0.0307616681685
4311000,-35.8651714684,250.11915883,0.0307616681685
4312000,-68.4716325484,294.215154056,0.0307616681685
4313000,-37.8420212073,354.759956259,0.0307616681685
4314000,-31.8621807844,328.217849757,0.0307616681685
4315000,-33.4183882255,235.707758001,0.0307616681685
4316000,-67.6985586786,275.661600179,0.0307616681685
4317000,-55.6805463959,202.311617188,0.0307616681685
4318000,-59.1313654202,319.729479544,0.0307616681685
4319000,-56.6824825285,280.848436322,0.0307616681685
4320000,-56.6937074891,383.735378539,0.0307616681685
4321000,-39.8843589528,351.862503552,0.0307616681685
4322000,-42.7177659545,296.138625873,0.0307616681685
4323000,-53.6925810923,274.422564582,0.0307616681685
4324000,-64.9490087303,262.627678977,0.0307616681685
4325000,-76.0092872393,330.075106112,0.0307616681685
4326000,-55.5668149524,275.255907777,0.0307616681685
4327000,-70.3478980633,313.894073805,0.0307616681685
4328000,-69.4334869097,262.202344395,0.0307616681685
4329000,-51.5157488766,299.234608798,0.0307616681685
4330000,-73.6071846884,298.495254501,0.0307616681685
4331000,-31.6037562024,229.939406719,0.0307616681685
4332000,-46.6669068786,213.802373284,0.0307616681685
4333000,-72.4311151231,317.30096387,0.0307616681685
4334000,-75.9084170167,258.264997724,0.0307616681685
4335000,-65.5399592961,237.319216189,0.0307616681685
4336000,-57.1590518765,251.331253041,0.0307616681685
4337000,-63.9328908053,308.352665203,0.0307616681685
4338000,-57.7418460148,295.663701458,0.0307616681685
4339000,-61.0096569832,287.816250828,0.0307616681685
4340000,-48.8051226065,269.489911365,0.0307616681685
4341000,-79.0350738646,240.925973414,0.0307616681685
4342000,-56.0725866443,269.15392197,0.0307616681685
4343000,-47.3532762067,375.91933878,0.0307616681685
4344000,-55.03147432,362.514174032,0.0307616681685
4345000,-68.6800488212,305.298659222,0.0307616681685
4346000,-79.0506828387,316.528374609,0.0307616681685
4347000,-59.4355859847,366.223111208,0.0307616681685
4348000,-53.1539681321,286.768997677,0.0307616681685
4349000,-75.1803484768,256.436893919,0.0307616681685
4350000,-87.8226275826,296.114624935,0.0307616681685
4351000,-61.2973974414,260.236858736,0.0307616681685
4352000,-49.7082992043,275.76118926,0.0307616681685
4353000,-59.7078487123,320.519139986,0.0307616681685
4354000,-42.6845778597,338.284222668,0.0307616681685
4355000,-69.4327479232,320.650369778,0.0307616681685
4356000,-57.0464187625,316.015841596,0.0307616681685
4357000,-45.9627152979,264.996019195,0.0307616681685
4358000,-63.550112397,307.000958728,0.0307616681685
4359000,-61.0793322858,330.828441467,0.0307616681685
4360000,-71.7094891127,358.239108546,0.0307616681685
4361000,-89.657809225,259.386246566,0.0307616681685
4362000,-62.5409724985,254.01087494,0.0307616681685
4363000,-67.4981706853,268.584279506,0.0307616681685
4364000,-70.4547031367,312.391886884,0.0307616681685
4365000,-52.9431712247,298.698914724,0.0307616681685
4366000,-51.6381063233,342.12158417,0.0307616681685
4367000,-54.7079466825,374.754323539,0.0307616681685
4368000,-45.6602793482,305.560583434,0.0307616681685
4369000,-42.5272742494,292.098044364,0.0307616681685
4370000,-56.2918888782,316.995144802,0.0307616681685
4371000,-44.8354694078,291.444854162,0.0307616681685
4372000,-21.128118322,279.935055245,0.0307616681685
4373000,-73.2299703492,377.703391956,0.0307616681685
4374000,-68.3035977745,435.371867793,0.0307616681685
4375000,-55.0778557301,301.18187232,0.0307616681685
4376000,-33.2646973612,320.933307777,0.0307616681685
4377000,-58.6103803145,336.893256072,0.0307616681685
4378000,-76.6962569851,272.963147506,0.0307616681685
4379000,-75.2214685834,248.703511726,0.0307616681685
4380000,-58.0918308117,296.773763538,0.0307616681685
4381000,-45.3964559615,301.496499056,0.0307616681685
4382000,-59.9362329126,337.52136339,0.0307616681685
4383000,-47.1862678623,334.199115021,0.0307616681685
4384000,-13.3741634543,304.35679592,0.0307616681685
4385000,-53.3506273466,358.942309624,0.0307616681685
4386000,-16.0408754899,325.024020911,0.0307616681685
4387000,-52.8490383103,311.883454688,0.0307616681685
4388000,-71.5127254019,314.626457528,0.0307616681685
4389000,-50.0843005843,282.75155876,0.0307616681685
4390000,-59.0810343074,207.942507206,0.0307616681685
4391000,-64.6359288578,261.352132635,0.0307616681685
4392000,-52.5422330839,246.06780731,0.0307616681685
4393000,-55.0879821394,256.731151342,0.0307616681685
4394000,-71.9704636202,291.221889191,0.0307616681685
4395000,-67.6128548166,254.55198594,0.0307616681685
4396000,-61.0295846613,246.839097773,0.0307616681685
4397000,-73.7062039582,316.102685248,0.0307616681685
4398000,-66.7450288057,273.06518945,0.0307616681685
4399000,-74.6155256735,262.16151283,0.0307616681685
4400000,-53.8703462199,274.61142509,0.0307616681685
4401000,-73.2366057089,256.546189553,0.0307616681685
4402000,-77.3925886194,282.684678717,0.0307616681685
4403000,-65.799379134,207.795800458,0.0307616681685
4404000,-72.5407075236,344.050560138,0.0307616681685
4405000,-62.3968767958,328.419482457,0.0307616681685
4406000,-70.5402680709,309.589488715,0.0307616681685
4407000,-25.070591845,254.778796855,0.0307616681685
4408000,-49.6289773275,258.027509256,0.0307616681685
4409000,-23.6238551127,284.032056981,0.0307616681685
4410000,-73.117995733,309.946356525,0.0307616681685
4411000,-45.0241089376,299.617146356,0.0307616681685
4412000,-51.7753759186,333.020678354,0.0307616681685
4413000,-50.4631768358,454.125343371,0.0307616681685
4414000,-24.3876568035,302.043986949,0.0307616681685
4415000,-32.9746481136,363.952142772,0.0307616681685
4416000,-48.7901407196,299.636641492,0.0307616681685
4417000,-57.9799993943,317.028882027,0.0307616681685
4418000,-60.6843101813,351.237345456,0.0307616681685
4419000,-61.4352827833,322.454590417,0.0307616681685
4420000,-57.1685853928,382.540500625,0.0307616681685
4421000,-71.3570350864,312.211206891,0.0307616681685
4422000,-64.5625872099,277.474651775,0.0307616681685
4423000,-47.1071257346,288.563212333,0.0307616681685
4424000,-71.4405298155,412.759760916,0.0307616681685
4425000,-18.4665085477,268.672011332,0.0307616681685
4426000,-30.5616943112,341.398713617,0.0307616681685
4427000,-31.8392302985,350.496834471,0.0307616681685
4428000,-53.3244289012,339.535500926,0.0307616681685
4429000,-89.2404556742,259.263221097,0.0307616681685
4430000,-84.2425699415,341.323328478,0.0307616681685
4431000,-61.9859702569,215.25222898,0.0307616681685
4432000,-48.7267463356,186.941895268,0.0307616681685
4433000,-59.1158199173,247.69421581,0.0307616681685
4434000,-83.2821832163,318.062677248,0.0307616681685
4435000,-71.9530859401,330.653906073,0.0307616681685
4436000,-37.8464531752,350.432527952,0.0307616681685
4437000,-27.4287301802,246.343944797,0.0307616681685
4438000,-65.2422299585,332.03553192,0.0307616681685
4439000,-56.288836169,251.104110341,0.0307616681685
4440000,-64.5196081082,247.856055124,0.0307616681685
4441000,-63.0965302166,267.198114448,0.0307616681685
4442000,-75.0361709842,366.84636131,0.0307616681685
4443000,-38.6782005511,362.282599635,0.0307616681685
4444000,-39.5433542659,300.803918842,0.0307616681685
4445000,-50.1052857562,346.218479803,0.0307616681685
4446000,-28.6137460317,275.247909946,0.0307616681685
4447000,-56.9010489203,266.582658146,0.0307616681685
4448000,-67.7253875961,235.338114001,0.0307616681685
4449000,-63.8140366678,219.225303898,0.0307616681685
4450000,-76.406451014,307.854835874,0.0307616681685
4451000,-69.6261230409,285.703108916,0.0307616681685
4452000,-79.5654001192,332.865198264,0.0307616681685
4453000,-66.1428699996,308.618911683,0.0307616681685
4454000,-44.4481754117,265.548431842,0.0307616681685
4455000,-50.8433011342,323.713507993,0.0307616681685
4456000,-36.4092172031,401.194175761,0.0307616681685
4457000,-54.1207659559,421.950398556,0.0307616681685
4458000,-65.1603707885,359.091297956,0.0307616681685
4459000,-63.1394644901,324.078508056,0.0307616681685
4460000,-58.7695981072,288.038149357,0.0307616681685
4461000,-40.9840464434,301.172207929,0.0307616681685
4462000,-25.1252356242,274.564886803,0.0307616681685
4463000,-54.3405424268,301.6273163,0.0307616681685
4464000,-47.7408305117,322.192195744,0.0307616681685
4465000,-35.7933414441,333.408817349,0.0307616681685
4466000,-38.1794450245,324.568012262,0.0307616681685
4467000,-54.8399505788,335.489624337,0.0307616681685
4468000,-62.7515052399,271.875204904,0.0307616681685
4469000,-48.8189140997,304.584246161,0.0307616681685
4470000,-49.2323014198,296.387162362,0.0307616681685
4471000,-48.8246043596,236.81512181,0.0307616681685
4472000,-72.9774630751,307.213122161,0.0307616681685
4473000,-80.2716706689,299.746578405,0.0307616681685
4474000,-68.0073174786,307.472321353,0.0307616681685
4475000,-32.6152501134,297.474743162,0.0307616681685
4476000,-24.1242761545,290.829513598,0.0307616681685
4477000,-74.8496735215,271.342925471,0.0307616681685
4478000,-88.2672539243,244.660503334,0.0307616681685
4479000,-72.5254328174,231.164013732,0.0307616681685
4480000,-82.4104371267,371.098710885,0.0307616681685
4481000,-34.5807944083,356.072601563,0.0307616681685
4482000,-48.9007505081,355.834284702,0.0307616681685
4483000,-16.1058407644,237.703536482,0.0307616681685
4484000,-46.9978886783,345.758121253,0.0307616681685
4485000,-40.4290069552,291.25006828,0.0307616681685
4486000,-40.3307935377,347.52361434,0.0307616681685
4487000,-40.0234458419,303.472539842,0.0307616681685
4488000,-62.2503558908,314.941747419,0.0307616681685
4489000,-45.9394513966,352.934187148,0.0307616681685
4490000,-58.8474198287,301.308560192,0.0307616681685
4491000,-71.5388165927,307.528182614,0.0307616681685
4492000,-64.2895651565,350.019320861,0.0307616681685
4493000,-46.2853716172,292.961263821,0.0307616681685
4494000,-45.487892196,391.640210814,0.0307616681685
4495000,-21.9522438958,352.136329452,0.0307616681685
4496000,-39.854538724,367.004759722,0.0307616681685
4497000,-69.6310110485,407.846174579,0.0307616681685
4498000,-66.7729139255,302.222271656,0.0307616681685
4499000,-47.6375418734,279.370615023,0.0307616681685
4500000,-36.3718811425,380.407355286,0.0307616681685
4501000,-38.8685512221,248.886819364,0.0307616681685
4502000,-50.3535298995,303.105227696,0.0307616681685
4503000,-59.1885230675,324.343924154,0.0307616681685
4504000,-36.2256914974,341.909016216,0.0307616681685
4505000,-41.8578801348,268.514689587,0.0307616681685
4506000,-68.5455020383,292.536536807,0.0307616681685
4507000,-59.1599490823,409.161167347,0.0307616681685
4508000,-65.9038503841,224.68201205,0.0307616681685
4509000,-57.5510184673,267.176644196,0.0307616681685
4510000,-70.0044693877,274.736832777,0.0307616681685
4511000,-65.7251647082,287.814965541,0.0307616681685
4512000,-65.5594449275,273.415115026,0.0307616681685
4513000,-68.2054191726,356.894456957,0.0307616681685
4514000,-80.6749650002,349.158157807,0.0307616681685
4515000,-59.899159969,286.19969768,0.0307616681685
4516000,-55.8752334491,281.960684966,0.0307616681685
4517000,-73.8136880302,256.130296416,0.0307616681685
4518000,-69.1149892905,344.912282772,0.0307616681685
4519000,-66.8107025241,274.508378364,0.0307616681685
4520000,-53.702912899,232.086190865,0.0307616681685
4521000,-69.6456970864,291.609608253,0.0307616681685
4522000,-44.2420750753,260.828392577,0.0307616681685
4523000,-74.265929353,324.585908056,0.0307616681685
4524000,-85.8332930442,324.994892602,0.0307616681685
4525000,-68.6259594928,267.449079667,0.0307616681685
4526000,-73.0837266491,244.496191782,0.0307616681685
4527000,-91.6162990399,236.748305616,0.0307616681685
4528000,-78.8856038014,289.906297015,0.0307616681685
4529000,-67.2122431249,281.694280563,0.0307616681685
4530000,-72.8698480217,289.939160632,0.0307616681685
4531000,-64.7771452212,240.07543074,0.0307616681685
4532000,-70.6956580542,294.948983449,0.0307616681685
4533000,-63.0205146677,261.716487171,0.0307616681685
4534000,-65.8979163246,379.589695819,0.0307616681685
4535000,-68.7868108297,354.363377294,0.0307616681685
4536000,-84.2317199052,290.859235567,0.0307616681685
4537000,-62.7173553796,342.195777693,0.0307616681685
4538000,-37.6559917998,301.807998323,0.0307616681685
4539000,-73.6982855661,282.087298973,0.0307616681685
4540000,-46.4813786023,356.566547401,0.0307616681685
4541000,-60.125123811,247.152116031,0.0307616681685
4542000,-70.3179290333,252.972725099,0.0307616681685
4543000,-66.0729962029,246.277206062,0.0307616681685
4544000,-64.2540212263,286.058751121,0.0307616681685
4545000,-45.5588448738,242.33464146,0.0307616681685
4546000,-45.9661224057,351.106103798,0.0307616681685
4547000,-64.5652218953,363.565582831,0.0307616681685
4548000,-77.9080428056,363.122440375,0.0307616681685
4549000,-86.8547185524,298.159114227,0.0307616681685
4550000,-58.1768207984,236.8000707,0.0307616681685
4551000,-43.6600737316,246.862968868,0.0307616681685
4552000,-59.1999892502,253.477116263,0.0307616681685
4553000,-47.0970329379,290.257277046,0.0307616681685
4554000,-65.8949262776,323.556991798,0.0307616681685
4555000,-54.8662732626,255.610811129,0.0307616681685
4556000,-74.8029181037,285.5806854,0.0307616681685
4557000,-78.0141343398,230.725831667,0.0307616681685
4558000,-55.5854976428,252.077560788,0.0307616681685
4559000,-58.774157597,248.086599135,0.0307616681685
4560000,-82.1503464598,293.480018577,0.0307616681685
4561000,-60.6498323235,232.061894659,0.0307616681685
4562000,-56.6043606641,261.318593457,0.0307616681685
4563000,-70.5752278943,236.251928632,0.0307616681685
4564000,-87.7395783976,313.742976076,0.0307616681685
4565000,-63.3773941384,246.510599964,0.0307616681685
4566000,-63.605932735,271.284314112,0.0307616681685
4567000,-56.4119720693,381.480192584,0.0307616681685
4568000,-52.3977385415,298.494549735,0.0307616681685
4569000,-51.2973569527,324.650283485,0.0307616681685
4570000,-60.2692494893,393.062490448,0.0307616681685
4571000,-51.3716966121,374.914494892,0.0307616681685
4572000,-49.3753753701,318.787043901,0.0307616681685
4573000,-56.5780960014,286.202080035,0.0307616681685
4574000,-64.6687376145,295.21948124,0.0307616681685
4575000,-68.5703256808,337.684245609,0.0307616681685
4576000,-54.7004681932,311.087146019,0.0307616681685
4577000,-47.6235720409,290.029050678,0.0307616681685
4578000,-53.9170875403,323.257267281,0.0307616681685
4579000,-51.9883662475,347.093780072,0.0307616681685
4580000,-74.9970904088,318.296243187,0.0307616681685
4581000,-59.1226285706,369.8925142,0.0307616681685
4582000,-60.988295181,267.035398978,0.0307616681685
4583000,-70.6657605017,281.077457546,0.0307616681685
4584000,-51.3236805847,312.982692276,0.0307616681685
4585000,-73.5774196946,300.2985111,0.0307616681685
4586000,-29.3027912545,307.138048867,0.0307616681685
4587000,-70.4055309324,340.702724032,0.0307616681685
4588000,-62.9786653468,218.757209102,0.0307616681685
4589000,-91.5747432594,213.607318399,0.0307616681685
4590000,-57.3066482353,299.637441148,0.0307616681685
4591000,-38.6973707026,239.7505753,0.0307616681685
4592000,-86.0958429169,374.065776599,0.0307616681685
4593000,-46.4004247605,273.148800862,0.0307616681685
4594000,-63.9123226115,405.210750688,0.0307616681685
4595000,-49.5810633925,290.805872988,0.0307616681685
4596000,-48.4352111731,394.822041037,0.0307616681685
4597000,-57.1155366801,344.444061603,0.0307616681685
4598000,-77.6910717811,350.289225946,0.0307616681685
4599000,-42.6489988647,323.565429089,0.0307616681685
4600000,-54.8167506914,422.347295283,0.0307616681685
4601000,-42.7274766145,291.855940345,0.0307616681685
4602000,-26.4348025816,306.557929853,0.0307616681685
4603000,-48.8240898995,300.388089217,0.0307616681685
4604000,-68.7003157508,336.910165653,0.0307616681685
4605000,-57.3920071445,307.111495515,0.0307616681685
4606000,-58.9718998882,285.743316233,0.0307616681685
4607000,-59.230346069,431.171532818,0.0307616681685
4608000,-67.6773716333,355.858163017,0.0307616681685
4609000,-47.0421172048,331.576569936,0.0307616681685
4610000,-69.3768076438,340.497039754,0.0307616681685
4611000,-73.5305830571,335.402999928,0.0307616681685
4612000,-65.3357066292,254.781299837,0.0307616681685
4613000,-69.9849156503,228.145221692,0.0307616681685
4614000,-63.1482916308,289.051485642,0.0307616681685
4615000,-70.5442577666,248.711457784,0.0307616681685
4616000,-58.2969701411,241.326044126,0.0307616681685
4617000,-73.3650049311,283.786725836,0.0307616681685
4618000,-64.0358422431,163.429307791,0.0307616681685
4619000,-33.9604154914,203.683999307,0.0307616681685
4620000,-58.1713059159,313.11329887,0.0307616681685
4621000,-62.4714042552,388.567041571,0.0307616681685
4622000,-74.3457853199,343.126891559,0.0307616681685
4623000,-46.7799741598,306.002089378,0.0307616681685
4624000,-50.7621963293,321.061657026,0.0307616681685
4625000,-57.7792179429,251.738316922,0.0307616681685
4626000,-52.5019996718,200.939190101,0.0307616681685
4627000,-38.5020845972,272.166946023,0.0307616681685
4628000,-64.2418172362,288.069548195,0.0307616681685
4629000,-37.4811575269,251.383195826,0.0307616681685
4630000,-50.9304993407,219.484605101,0.0307616681685
4631000,-61.8933339214,232.042989506,0.0307616681685
4632000,-67.2409746151,319.997713658,0.0307616681685
4633000,-48.0099726604,285.334051821,0.0307616681685
4634000,-74.5207725136,281.901586084,0.0307616681685
4635000,-80.1361826232,361.509156122,0.0307616681685
4636000,-54.3760353274,302.705537709,0.0307616681685
4637000,-76.7697164391,333.848484853,0.0307616681685
4638000,-55.0083815642,271.935717042,0.0307616681685
4639000,-42.3432835097,296.777432345,0.0307616681685
4640000,-37.3813993627,272.20546235,0.0307616681685
4641000,-38.5383121035,303.491815641,0.0307616681685
4642000,-41.1442953028,350.60439819,0.0307616681685
4643000,-31.6683396936,359.514130252,0.0307616681685
4644000,-46.2475711877,306.777110635,0.0307616681685
4645000,-55.7483622526,343.242778035,0.0307616681685
4646000,-84.2261584361,333.260696225,0.0307616681685
4647000,-46.9090994031,296.690059525,0.0307616681685
4648000,-82.5341829808,373.562701174,0.0307616681685
4649000,-46.618363967,305.691257231,0.0307616681685
4650000,-43.4311224648,265.91197807,0.0307616681685
4651000,-22.2761447354,312.193373686,0.0307616681685
4652000,-54.8312935951,300.093756867,0.0307616681685
4653000,-50.7624870494,325.899399404,0.0307616681685
4654000,-51.6808504853,323.22811499,0.0307616681685
4655000,-33.3902343238,246.793912824,0.0307616681685
4656000,-55.8574113359,305.818938474,0.0307616681685
4657000,-71.0982802646,330.505482438,0.0307616681685
4658000,-44.1889623508,254.143785458,0.0307616681685
4659000,-42.4268963546,292.607465958,0.0307616681685
4660000,-64.4479770702,323.238603666,0.0307616681685
4661000,-60.6794917217,253.506600206,0.0307616681685
4662000,-50.5559780388,228.139629321,0.0307616681685
4663000,-67.40991254,312.259553547,0.0307616681685
4664000,-34.2885287011,298.340808737,0.0307616681685
4665000,-67.8069948549,326.391025081,0.0307616681685
4666000,-81.0270055673,386.419215897,0.0307616681685
4667000,-52.9310897959,317.583551913,0.0307616681685
4668000,-53.8516636193,317.158456001,0.0307616681685
4669000,-63.1046343549,368.665667944,0.0307616681685
4670000,-29.6759062288,378.735726071,0.0307616681685
4671000,-63.4653123474,338.903031147,0.0307616681685
4672000,-60.9087818792,226.325055885,0.0307616681685
4673000,-69.8100663389,238.122078394,0.0307616681685
4674000,-56.57271486,258.921527273,0.0307616681685
4675000,-46.8426616082,244.584214381,0.0307616681685
4676000,-86.13207569,294.847456881,0.0307616681685
4677000,-45.3926727039,317.280584394,0.0307616681685
4678000,-48.0196477562,319.287785913,0.0307616681685
4679000,-50.0803698183,308.863733128,0.0307616681685
4680000,-74.5359555985,336.930343422,0.0307616681685
4681000,-76.0254703681,223.842499562,0.0307616681685
4682000,-84.1147043073,302.367080251,0.0307616681685
4683000,-14.8317673315,187.117158531,0.0307616681685
4684000,-90.3646064298,268.929899171,0.0307616681685
4685000,-58.0169411999,218.602731071,0.0307616681685
4686000,-40.4195143442,216.713593783,0.0307616681685
4687000,-32.2033839372,220.723108081,0.0307616681685
4688000,-35.1042090536,306.948843147,0.0307616681685
4689000,-58.7340527052,379.135482909,0.0307616681685
4690000,-44.2916828001,313.637816161,0.0307616681685
4691000,-27.6820303471,264.925342126,0.0307616681685
4692000,-66.3677054682,358.301759578,0.0307616681685
4693000,-56.4219528136,288.527154475,0.0307616681685
4694000,-71.5262838948,302.764383216,0.0307616681685
4695000,-69.596630312,262.805769234,0.0307616681685
4696000,-67.3825184173,363.512231907,0.0307616681685
4697000,-70.1805116488,342.998674907,0.0307616681685
4698000,-41.7920395807,323.979777043,0.0307616681685
4699000,-77.6681454023,359.904218492,0.0307616681685
4700000,-44.0601774033,276.19589839,0.0307616681685
4701000,-65.4267797842,257.955456307,0.0307616681685
4702000,-74.4869403863,305.534612541,0.0307616681685
4703000,-70.6539249093,338.488249731,0.0307616681685
4704000,-63.2912213491,245.579803614,0.0307616681685
4705000,-65.9883515662,245.109499974,0.0307616681685
4706000,-80.6828990631,267.841717624,0.0307616681685
4707000,-78.1486664049,261.173312465,0.0307616681685
4708000,-62.3993915704,341.981289982,0.0307616681685
4709000,-53.3808858011,202.758207175,0.0307616681685
4710000,-72.2889190942,297.715119512,0.0307616681685
4711000,-67.2986607633,244.682428674,0.0307616681685
4712000,-64.7715423269,274.600728816,0.0307616681685
4713000,-72.8467055399,306.920451191,0.0307616681685
4714000,-81.0141887645,290.758086435,0.0307616681685
4715000,-70.219250661,345.016996644,0.0307616681685
4716000,-49.8929252884,293.333582737,0.0307616681685
4717000,-71.3643592324,358.578626554,0.0307616681685
4718000,-47.732032285,280.198424981,0.0307616681685
4719000,-57.9493857152,335.430409599,0.0307616681685
4720000,-55.5975996852,227.273661493,0.0307616681685
4721000,-59.5158414443,299.447405741,0.0307616681685
4722000,-60.8338597291,317.32591494,0.0307616681685
4723000,-48.1748961507,256.04910422,0.0307616681685
4724000,-58.3320103306,281.97865561,0.0307616681685
4725000,-53.1540772528,389.519231053,0.0307616681685
4726000,-56.502476262,320.52345835,0.0307616681685
4727000,-60.5190766919,367.229250648,0.0307616681685
4728000,-64.1077173484,277.826399578,0.0307616681685
4729000,-64.2036128147,251.776983774,0.0307616681685
4730000,-67.0080249386,374.818160137,0.0307616681685
4731000,-37.6591291602,349.410315033,0.0307616681685
4732000,-68.6670973366,326.483917699,0.0307616681685
4733000,-51.6946774589,312.15642529,0.0307616681685
4734000,-43.9498589272,337.106937802,0.0307616681685
4735000,-22.8115594992,343.857436616,0.0307616681685
4736000,-37.6181328433,273.323342933,0.0307616681685
4737000,-64.3876561864,280.027418652,0.0307616681685
4738000,-42.8171661818,310.969814846,0.0307616681685
4739000,-76.5244987967,455.862006342,0.0307616681685
4740000,-60.9621019954,309.775055652,0.0307616681685
4741000,-45.239895676,286.993885946,0.0307616681685
4742000,-41.476292896,296.239812418,0.0307616681685
4743000,-48.7935468566,398.899793078,0.0307616681685
4744000,-37.5142498618,313.924364251,0.0307616681685
4745000,-33.4043895381,286.776621302,0.0307616681685
4746000,-64.417564879,272.533397397,0.0307616681685
4747000,-64.6947550841,258.297253846,0.0307616681685
4748000,-35.9932076926,292.097779329,0.0307616681685
4749000,-63.8810322072,292.173963399,0.0307616681685
4750000,-59.0301205243,254.906654988,0.0307616681685
4751000,-50.4312317093,247.894045741,0.0307616681685
4752000,-37.1975987086,297.014034759,0.0307616681685
4753000,-89.5109847163,316.262747176,0.0307616681685
4754000,-51.2676101617,314.331223833,0.0307616681685
4755000,-38.6531746806,286.787541518,0.0307616681685
4756000,-49.1764878593,345.149237141,0.0307616681685
4757000,-60.9853335765,378.269293092,0.0307616681685
4758000,-39.7412677799,354.184860227,0.0307616681685
4759000,-59.6930322191,423.783415345,0.0307616681685
4760000,-78.455604659,304.827890819,0.0307616681685
4761000,-56.354733139,293.226650569,0.0307616681685
4762000,-78.8838398732,243.720049764,0.0307616681685
4763000,-85.3043090642,273.687978377,0.0307616681685
4764000,-91.2010221867,274.790602175,0.0307616681685
4765000,-82.6903749982,271.2533488,0.0307616681685
4766000,-70.9099029731,404.0852313,0.0307616681685
4767000,-33.7549011956,248.781691334,0.0307616681685
4768000,-41.4196676893,358.47559655,0.0307616681685
4769000,-48.3983940694,368.33490695,0.0307616681685
4770000,-44.66918328,345.341398486,0.0307616681685
4771000,-70.848165548,294.56967086,0.0307616681685
4772000,-70.4960376781,259.471138313,0.0307616681685
4773000,-77.1960274233,332.045064728,0.0307616681685
4774000,-62.6387106023,297.060716552,0.0307616681685
4775000,-43.0595270178,277.362511211,0.0307616681685
4776000,-71.5570774722,255.188119365,0.0307616681685
4777000,-60.2479739135,276.866772478,0.0307616681685
4778000,-83.9874651497,314.07742816,0.0307616681685
4779000,-72.0787841608,266.630719881,0.0307616681685
4780000,-86.5330934687,258.334810425,0.0307616681685
4781000,-68.9710023971,286.685627224,0.0307616681685
4782000,-65.6516513906,271.015137472,0.0307616681685
4783000,-66.4792907301,406.821363123,0.0307616681685
4784000,-53.1823172274,274.793122566,0.0307616681685
4785000,-48.4431519412,223.386703906,0.0307616681685
4786000,-45.2652642502,240.754011694,0.0307616681685
4787000,-74.5657216454,315.231339396,0.0307616681685
4788000,-74.258842124,252.475827289,0.0307616681685
4789000,-55.6958257654,305.379406016,0.0307616681685
4790000,-70.8473024529,322.21055649,0.0307616681685
4791000,-53.5966937514,444.359156564,0.0307616681685
4792000,-37.1647664033,283.090244949,0.0307616681685
4793000,-78.9956753652,369.689583943,0.0307616681685
4794000,-50.8514074916,326.075951967,0.0307616681685
4795000,-46.0533298893,318.997282894,0.0307616681685
4796000,-64.2391816519,373.662075138,0.0307616681685
4797000,-65.4773529693,314.255388033,0.0307616681685
4798000,-74.9827361989,343.495718903,0.0307616681685
4799000,-62.7393107673,382.060956492,0.0307616681685
4800000,-51.5220808921,269.489672414,0.0307616681685
4801000,-50.3967675371,321.031224505,0.0307616681685
4802000,-10.0333234251,282.416550033,0.0307616681685
4803000,-57.5053699077,409.305288126,0.0307616681685
4804000,-25.0712588544,396.055717614,0.0307616681685
4805000,-24.91595005,406.000180718,0.0307616681685
4806000,-55.8297071638,429.241276433,0.0307616681685
4807000,-36.6384814149,328.848841329,0.0307616681685
4808000,-51.5843910893,248.390694795,0.0307616681685
4809000,-72.589988649,305.800356699,0.0307616681685
4810000,-67.6999468162,271.483827047,0.0307616681685
4811000,-49.4286985029,276.253429734,0.0307616681685
4812000,-77.4333757833,355.793530365,0.0307616681685
4813000,-45.8500419806,299.874507346,0.0307616681685
4814000,-47.446472626,324.56238495,0.0307616681685
4815000,-56.1383129661,395.652450636,0.0307616681685
4816000,-61.5773423937,367.685215515,0.0307616681685
4817000,-66.0383854293,355.039944015,0.0307616681685
4818000,-68.9041359367,286.011911538,0.0307616681685
4819000,-34.6486822386,306.026207591,0.0307616681685
4820000,-66.4160047136,369.596701483,0.0307616681685
4821000,-72.3285271251,388.241670987,0.0307616681685
4822000,-73.473564865,248.833209537,0.0307616681685
4823000,-56.6514329084,233.091045913,0.0307616681685
4824000,-76.3138576246,296.387009163,0.0307616681685
4825000,-72.0323616126,357.750152585,0.0307616681685
4826000,-43.529610088,279.724567964,0.0307616681685
4827000,-45.5093294478,328.667932264,0.0307616681685
4828000,-48.3274322616,325.276901338,0.0307616681685
4829000,-63.9653868298,294.664361947,0.0307616681685
4830000,-64.2232767787,252.674157354,0.0307616681685
4831000,-61.9828459821,321.221280628,0.0307616681685
4832000,-73.9006339419,328.360930216,0.0307616681685
4833000,-71.2561963393,280.301057962,0.0307616681685
4834000,-50.6644017607,323.121742744,0.0307616681685
4835000,-80.356614491,311.997563286,0.0307616681685
4836000,-42.6781806078,247.119921399,0.0307616681685
4837000,-67.2441430837,305.669319382,0.0307616681685
4838000,-47.035137682,301.721386255,0.0307616681685
4839000,-50.3505337908,324.892749085,0.0307616681685
4840000,-61.96426233,290.046710245,0.0307616681685
4841000,-83.3561214846,251.157803672,0.0307616681685
4842000,-57.9268684104,182.219042025,0.0307616681685
4843000,-78.1697448057,263.905489624,0.0307616681685
4844000,-56.7472807916,375.342505693,0.0307616681685
4845000,-61.8549937832,311.889545359,0.0307616681685
4846000,-64.7839583072,293.906104204,0.0307616681685
4847000,-65.9669761743,259.527159331,0.0307616681685
4848000,-64.89738263,244.643126169,0.0307616681685
4849000,-78.0732869433,283.588643365,0.0307616681685
4850000,-43.4929471348,258.660574993,0.0307616681685
4851000,-73.1685667201,322.439307261,0.0307616681685
4852000,-46.1624553902,290.020605282,0.0307616681685
4853000,-76.0769064575,212.506658256,0.0307616681685
4854000,-67.6605232708,334.162437358,0.0307616681685
4855000,-33.5258309936,236.552266185,0.0307616681685
4856000,-54.6161113581,334.790120065,0.0307616681685
4857000,-65.6053620348,322.906417758,0.0307616681685
4858000,-75.0545081133,335.757672864,0.0307616681685
4859000,-51.4488575783,362.45514171,0.0307616681685
4860000,-48.5494803412,283.283403016,0.0307616681685
4861000,-31.9132288424,213.852342215,0.0307616681685
4862000,-74.9394595023,331.944918989,0.0307616681685
4863000,-71.0594291142,324.949130439,0.0307616681685
4864000,-74.5662078958,329.489010792,0.0307616681685
4865000,-69.6986124038,466.440348955,0.0307616681685
4866000,-65.9567157587,359.615846064,0.0307616681685
4867000,-67.8409047647,291.399862855,0.0307616681685
4868000,-43.1681158241,302.908316668,0.0307616681685
4869000,-63.8677453593,380.254835119,0.0307616681685
4870000,-61.8629764153,297.526745633,0.0307616681685
4871000,-52.6969576455,250.026799156,0.0307616681685
4872000,-68.8342239818,368.05641132,0.0307616681685
4873000,-63.9545373408,407.705104598,0.0307616681685
4874000,-40.3665351165,280.788813753,0.0307616681685
4875000,-57.5212319593,301.897803626,0.0307616681685
4876000,-59.8614674514,228.887439733,0.0307616681685
4877000,-50.9103448192,241.623543608,0.0307616681685
4878000,-62.8276567503,337.058306522,0.0307616681685
4879000,-62.7320321138,311.648008175,0.0307616681685
4880000,-39.0020597565,367.811588294,0.0307616681685
4881000,-58.9792300123,301.430529555,0.0307616681685
4882000,-46.078042977,409.568205892,0.0307616681685
4883000,-13.787159986,217.316209011,0.0307616681685
4884000,-46.5089025546,309.225662518,0.0307616681685
4885000,-62.3775485338,284.928083506,0.0307616681685
4886000,-73.2634507739,284.745351069,0.0307616681685
4887000,-58.7930790738,268.190014575,0.0307616681685
4888000,-67.3046241422,263.264872007,0.0307616681685
4889000,-82.9572353824,369.181081869,0.0307616681685
4890000,-34.5633569544,274.167298913,0.0307616681685
4891000,-72.7489633033,241.065653938,0.0307616681685
4892000,-70.4897246524,293.07992334,0.0307616681685
4893000,-53.3647012437,380.682569786,0.0307616681685
4894000,-37.0178473823,338.402365286,0.0307616681685
4895000,-28.8523160263,240.809262741,0.0307616681685
4896000,-60.1237753951,238.016800411,0.0307616681685
4897000,-66.0478652096,180.202264845,0.0307616681685
4898000,-62.80516069,325.571676461,0.0307616681685
4899000,-60.6118718087,301.459850173,0.0307616681685
4900000,-58.9221209559,271.760906447,0.0307616681685
4901000,-70.3163066418,256.627823568,0.0307616681685
4902000,-27.7838249243,223.28919249,0.0307616681685
4903000,-53.0198315385,254.241630111,0.0307616681685
4904000,-62.8436867329,269.151448316,0.0307616681685
4905000,-65.4018459754,430.87613654,0.0307616681685
4906000,-46.4593399172,375.114901881,0.0307616681685
4907000,-66.5385178299,396.498989484,0.0307616681685
4908000,-62.2414672214,321.942365843,0.0307616681685
4909000,-68.621771192,244.331908734,0.0307616681685
4910000,-104.283606182,288.170093797,0.0307616681685
4911000,-89.8732612668,286.83502313,0.0307616681685
4912000,-68.555899152,295.64135174,0.0307616681685
4913000,-79.0925511396,284.70118935,0.0307616681685
4914000,-68.3466761226,285.926691324,0.0307616681685
4915000,-60.0206452681,274.877747028,0.0307616681685
4916000,-67.352122404,363.494603934,0.0307616681685
4917000,-60.3223350091,326.950364314,0.0307616681685
4918000,-54.4011039228,349.520028887,0.0307616681685
4919000,-58.5471728104,407.327850283,0.0307616681685
4920000,-76.6832843549,272.736006909,0.0307616681685
4921000,-59.8657865045,220.601847982,0.0307616681685
4922000,-56.8399223057,329.184275235,0.0307616681685
4923000,-55.2380902202,258.058424412,0.0307616681685
4924000,-60.050348048,216.841253828,0.0307616681685
4925000,-72.7599932721,288.82523949,0.0307616681685
4926000,-45.0554729648,259.306277097,0.0307616681685
4927000,-58.7800025845,332.055802502,0.0307616681685
4928000,-65.3941007494,302.820116242,0.0307616681685
4929000,-67.2178144113,273.640730803,0.0307616681685
4930000,-64.4654896367,282.32733755,0.0307616681685
4931000,-80.3787823034,295.97274802,0.0307616681685
4932000,-75.4940321876,312.587748247,0.0307616681685
4933000,-67.9404875735,310.572794911,0.0307616681685
4934000,-54.509808649,315.05010504,0.0307616681685
4935000,-62.6912105045,381.063550178,0.0307616681685
4936000,-67.0697076591,270.398880306,0.0307616681685
4937000,-75.8045245528,328.79259846,0.0307616681685
4938000,-46.1255336308,344.0371573,0.0307616681685
4939000,-53.6745965054,345.251810265,0.0307616681685
4940000,-42.8829174944,279.721663119,0.0307616681685
4941000,-69.229490832,356.406686008,0.0307616681685
4942000,-50.783733102,246.298644281,0.0307616681685
4943000,-33.2916080602,351.249895963,0.0307616681685
4944000,-45.7977447377,336.486655484,0.0307616681685
4945000,-45.3764111608,256.211000752,0.0307616681685
4946000,-51.5270983358,228.923382268,0.0307616681685
4947000,-53.1760310563,248.57359605,0.0307616681685
4948000,-64.8373021399,280.576852166,0.0307616681685
4949000,-66.013638342,260.242741095,0.0307616681685
4950000,-53.4040479392,242.179120437,0.0307616681685
4951000,-33.1316348373,365.14611838,0.0307616681685
4952000,-72.2425954492,302.283586816,0.0307616681685
4953000,-92.3341634008,234.010273408,0.0307616681685
4954000,-84.8604919826,284.868582649,0.0307616681685
4955000,-75.2678447487,235.787663929,0.0307616681685
4956000,-87.5022867078,263.41266096,0.0307616681685
4957000,-72.6449997068,268.873058646,0.0307616681685
4958000,-43.7422831162,272.934224879,0.0307616681685
4959000,-56.4383106355,248.403291245,0.0307616681685
4960000,-58.6055986591,211.665616484,0.0307616681685
4961000,-56.8422517677,373.550587915,0.0307616681685
4962000,-53.0615878171,407.123588798,0.0307616681685
4963000,-43.2189876,300.594735353,0.0307616681685
4964000,-47.0805900652,279.90026899,0.0307616681685
4965000,-56.7026384426,262.645100681,0.0307616681685
4966000,-60.9982498354,361.360941853,0.0307616681685
4967000,-75.6205497645,263.188590368,0.0307616681685
4968000,-58.2443362358,347.24103273,0.0307616681685
4969000,-82.6280424868,364.057837326,0.0307616681685
4970000,-66.6810639574,290.851267283,0.0307616681685
4971000,-58.0125724706,293.055429586,0.0307616681685
4972000,-77.2808075551,265.2875406,0.0307616681685
4973000,-60.8028256567,310.084655722,0.0307616681685
4974000,-39.6524149262,296.135615843,0.0307616681685
4975000,-54.7128738766,336.613567319,0.0307616681685
4976000,-71.7665683882,296.225697265,0.0307616681685
4977000,-66.2043859494,311.235432903,0.0307616681685
4978000,-52.2983866723,322.432055992,0.0307616681685
4979000,-57.5842479036,346.902605562,0.0307616681685
4980000,-55.6878739977,292.075402275,0.0307616681685
4981000,-82.751544066,290.420411922,0.0307616681685
4982000,-48.7651605603,311.603425305,0.0307616681685
4983000,-46.5510165367,390.598974301,0.0307616681685
4984000,-53.9238018618,381.917316216,0.0307616681685
4985000,-50.3220147706,400.393162038,0.0307616681685
4986000,-64.3317797704,262.375577033,0.0307616681685
4987000,-61.627748024,268.506167936,0.0307616681685
4988000,-68.9678377212,249.122852108,0.0307616681685
4989000,-74.830330557,377.651432433,0.0307616681685
4990000,-37.7066839036,272.098416874,0.0307616681685
4991000,-69.5183292759,332.770124472,0.0307616681685
4992000,-58.5093672764,209.254540007,0.0307616681685
4993000,-58.5028375624,199.559274336,0.0307616681685
4994000,-41.9764919463,312.12115638,0.0307616681685
4995000,-36.9884879284,326.046304292,0.0307616681685
4996000,-32.7510793248,285.462513948,0.0307616681685
4997000,-40.4482852363,226.375261601,0.0307616681685
4998000,-61.7192188144,333.119345126,0.0307616681685
4999000,-67.0165792188,385.521300598,0.0307616681685
5000000,-45.0991411915,333.56979496,0.0307616681685
